input.acsys9mw0.gz

451	28
452	130
453	75
454	143
455	13
456	10
457	52
458	27
459	44
460	34
461	5
462	28
463	89
464	4
465	42
466	3
467	35
468	37
469	15
470	14
471	3
472	17
473	1
474	22
475	30
476	84
477	2
478	103
479	55
480	12
481	15
482	5
483	15
484	8
485	4
486	8
487	14
488	23
489	21
490	56
491	13
492	38
493	39
494	151
495	91
496	18
497	9
498	6
499	0
500	16


input.apl9all.gz

451	28
452	90
453	99
454	129
455	25
456	12
457	71
458	33
459	46
460	54
461	3
462	24
463	63
464	7
465	35
466	3
467	51
468	23
469	14
470	18
471	5
472	24
473	0
474	13
475	45
476	92
477	3
478	43
479	64
480	13
481	32
482	9
483	17
484	14
485	4
486	8
487	15
488	26
489	18
490	46
491	10
492	40
493	33
494	184
495	120
496	20
497	9
498	7
499	2
500	52


input.apl9lt.gz

451	26
452	69
453	99
454	134
455	25
456	3
457	73
458	33
459	48
460	56
461	3
462	24
463	2
464	7
465	20
466	3
467	52
468	23
469	14
470	18
471	5
472	17
473	1
474	1
475	48
476	60
477	3
478	11
479	63
480	4
481	32
482	9
483	17
484	3
485	4
486	8
487	15
488	26
489	17
490	45
491	1
492	41
493	9
494	180
495	8
496	20
497	9
498	7
499	2
500	38


input.apl9ltdn.gz

451	28
452	64
453	103
454	125
455	25
456	12
457	73
458	32
459	46
460	55
461	3
462	25
463	62
464	9
465	38
466	3
467	47
468	22
469	14
470	18
471	5
472	20
473	0
474	10
475	44
476	90
477	3
478	51
479	61
480	15
481	31
482	9
483	17
484	8
485	4
486	8
487	15
488	27
489	18
490	50
491	12
492	40
493	38
494	166
495	129
496	20
497	9
498	7
499	3
500	55


input.apl9t.gz

451	26
452	69
453	99
454	134
455	25
456	3
457	73
458	33
459	48
460	56
461	3
462	24
463	2
464	7
465	20
466	3
467	52
468	23
469	14
470	18
471	5
472	17
473	1
474	1
475	48
476	60
477	3
478	11
479	63
480	4
481	32
482	9
483	17
484	3
485	4
486	8
487	15
488	26
489	17
490	45
491	1
492	41
493	9
494	180
495	8
496	20
497	9
498	7
499	2
500	38


input.apl9td.gz

451	28
452	89
453	99
454	126
455	25
456	0
457	73
458	33
459	46
460	53
461	3
462	26
463	49
464	7
465	23
466	3
467	52
468	23
469	14
470	18
471	5
472	22
473	0
474	11
475	45
476	93
477	3
478	43
479	64
480	13
481	32
482	9
483	17
484	14
485	4
486	8
487	15
488	26
489	18
490	45
491	10
492	40
493	31
494	180
495	108
496	20
497	9
498	6
499	2
500	37


input.apl9tdn.gz

451	28
452	64
453	103
454	125
455	25
456	12
457	73
458	32
459	46
460	55
461	3
462	25
463	62
464	9
465	38
466	3
467	47
468	22
469	14
470	18
471	5
472	20
473	0
474	10
475	44
476	90
477	3
478	51
479	61
480	15
481	31
482	9
483	17
484	8
485	4
486	8
487	15
488	27
489	18
490	50
491	12
492	40
493	38
494	166
495	129
496	20
497	9
498	7
499	3
500	55


input.att0010gb.gz

451	20
452	33
453	95
454	145
455	23
456	2
457	61
458	33
459	35
460	47
461	5
462	24
463	0
464	0
465	15
466	3
467	26
468	33
469	11
470	17
471	5
472	10
473	0
474	3
475	36
476	94
477	0
478	21
479	61
480	1
481	27
482	7
483	13
484	11
485	4
486	8
487	0
488	29
489	12
490	44
491	4
492	36
493	1
494	140
495	101
496	20
497	9
498	2
499	2
500	18


input.att0010gbe.gz

451	22
452	79
453	101
454	120
455	25
456	4
457	67
458	27
459	33
460	47
461	5
462	31
463	0
464	0
465	12
466	3
467	20
468	14
469	5
470	17
471	5
472	14
473	0
474	2
475	36
476	93
477	3
478	30
479	48
480	2
481	30
482	6
483	1
484	5
485	4
486	8
487	0
488	25
489	18
490	44
491	0
492	38
493	6
494	202
495	119
496	20
497	9
498	7
499	2
500	44


input.att0010gbl.gz

451	20
452	33
453	21
454	145
455	23
456	3
457	61
458	33
459	35
460	23
461	5
462	18
463	0
464	0
465	3
466	3
467	26
468	33
469	11
470	17
471	5
472	10
473	0
474	3
475	36
476	94
477	0
478	11
479	61
480	5
481	27
482	7
483	13
484	11
485	4
486	8
487	0
488	29
489	11
490	44
491	7
492	36
493	0
494	84
495	101
496	20
497	9
498	2
499	2
500	9


input.att0010gbt.gz

451	20
452	33
453	95
454	145
455	23
456	2
457	61
458	33
459	35
460	47
461	5
462	24
463	0
464	0
465	16
466	3
467	26
468	33
469	11
470	17
471	5
472	10
473	0
474	3
475	36
476	94
477	0
478	25
479	61
480	1
481	27
482	7
483	13
484	11
485	4
486	8
487	0
488	28
489	12
490	44
491	4
492	36
493	1
494	142
495	101
496	20
497	9
498	2
499	2
500	18


input.att0010glf.gz

451	20
452	33
453	51
454	145
455	23
456	3
457	61
458	33
459	35
460	9
461	5
462	18
463	0
464	0
465	4
466	3
467	26
468	33
469	11
470	17
471	5
472	10
473	0
474	3
475	36
476	94
477	0
478	25
479	61
480	5
481	27
482	7
483	13
484	11
485	4
486	8
487	0
488	28
489	9
490	44
491	7
492	36
493	0
494	101
495	101
496	20
497	9
498	2
499	2
500	9


input.att0010glv.gz

451	20
452	33
453	51
454	145
455	23
456	3
457	61
458	33
459	35
460	9
461	5
462	18
463	0
464	0
465	4
466	3
467	26
468	33
469	11
470	17
471	5
472	10
473	0
474	3
475	36
476	94
477	0
478	25
479	61
480	5
481	27
482	7
483	13
484	11
485	4
486	8
487	0
488	28
489	9
490	44
491	7
492	36
493	0
494	101
495	101
496	20
497	9
498	2
499	2
500	9


input.CWI0000.gz

451	1
452	51
453	37
454	68
455	1
456	3
457	43
458	7
459	12
460	28
461	0
462	5
463	0
464	0
465	9
466	0
467	33
468	7
469	3
470	3
471	3
472	7
473	0
474	9
475	0
476	27
477	0
478	17
479	32
480	5
481	10
482	4
483	8
484	0
485	0
486	0
487	0
488	11
489	8
490	29
491	5
492	9
493	10
494	93
495	12
496	4
497	3
498	0
499	0
500	15


input.CWI0001.gz

451	5
452	72
453	23
454	58
455	1
456	2
457	45
458	9
459	17
460	38
461	0
462	10
463	3
464	5
465	11
466	0
467	15
468	6
469	3
470	7
471	4
472	10
473	0
474	24
475	5
476	22
477	2
478	42
479	33
480	4
481	11
482	5
483	7
484	5
485	0
486	0
487	1
488	13
489	3
490	24
491	3
492	7
493	16
494	67
495	33
496	1
497	1
498	0
499	2
500	6


input.CWI0002.gz

451	7
452	38
453	20
454	8
455	1
456	1
457	23
458	4
459	17
460	11
461	1
462	8
463	6
464	6
465	5
466	0
467	14
468	2
469	0
470	6
471	3
472	9
473	0
474	21
475	3
476	24
477	2
478	41
479	30
480	8
481	15
482	4
483	7
484	1
485	0
486	0
487	1
488	9
489	5
490	22
491	6
492	4
493	6
494	36
495	40
496	3
497	3
498	0
499	1
500	8


input.NEtm.gz

451	24
452	91
453	84
454	156
455	23
456	5
457	69
458	8
459	40
460	40
461	5
462	29
463	0
464	2
465	17
466	3
467	34
468	19
469	14
470	17
471	4
472	20
473	0
474	19
475	42
476	85
477	3
478	29
479	68
480	8
481	33
482	9
483	17
484	15
485	4
486	8
487	16
488	29
489	13
490	53
491	6
492	36
493	3
494	160
495	42
496	20
497	9
498	7
499	3
500	51


input.NRKlm.gz

451	23
452	110
453	97
454	114
455	23
456	7
457	62
458	14
459	40
460	56
461	4
462	22
463	82
464	7
465	34
466	3
467	44
468	29
469	15
470	16
471	6
472	14
473	0
474	24
475	33
476	79
477	3
478	35
479	53
480	16
481	25
482	8
483	12
484	7
485	4
486	8
487	16
488	24
489	15
490	50
491	10
492	33
493	36
494	112
495	18
496	17
497	8
498	7
499	3
500	58


input.NRKprf20.gz

451	23
452	163
453	98
454	135
455	25
456	11
457	62
458	23
459	41
460	59
461	4
462	22
463	87
464	3
465	37
466	3
467	40
468	25
469	15
470	16
471	6
472	14
473	0
474	27
475	37
476	80
477	3
478	53
479	47
480	16
481	25
482	9
483	12
484	7
485	4
486	8
487	16
488	24
489	15
490	54
491	11
492	34
493	38
494	177
495	26
496	17
497	9
498	7
499	3
500	58


input.NRKse10.gz

451	23
452	67
453	99
454	120
455	22
456	11
457	59
458	20
459	39
460	50
461	4
462	22
463	85
464	6
465	36
466	3
467	44
468	27
469	15
470	16
471	6
472	13
473	0
474	25
475	39
476	79
477	3
478	37
479	47
480	16
481	28
482	7
483	13
484	8
485	4
486	8
487	16
488	21
489	15
490	51
491	11
492	33
493	34
494	122
495	25
496	17
497	9
498	6
499	3
500	58


input.NRKse20.gz

451	23
452	58
453	98
454	110
455	21
456	10
457	57
458	21
459	38
460	22
461	4
462	22
463	85
464	6
465	36
466	3
467	44
468	25
469	15
470	16
471	7
472	12
473	0
474	21
475	39
476	78
477	3
478	35
479	47
480	16
481	27
482	7
483	13
484	8
485	4
486	8
487	16
488	15
489	16
490	48
491	11
492	33
493	34
494	98
495	44
496	17
497	9
498	6
499	3
500	56


input.pir0Watd.gz

451	28
452	173
453	103
454	160
455	26
456	7
457	71
458	32
459	43
460	60
461	5
462	28
463	90
464	13
465	42
466	3
467	49
468	35
469	15
470	16
471	6
472	24
473	1
474	2
475	39
476	98
477	3
478	103
479	65
480	15
481	33
482	9
483	19
484	15
485	4
486	8
487	16
488	35
489	21
490	65
491	20
492	39
493	45
494	192
495	275
496	20
497	9
498	7
499	3
500	40


input.pir0Wt1.gz

451	28
452	44
453	98
454	160
455	26
456	0
457	68
458	8
459	38
460	59
461	5
462	32
463	0
464	0
465	36
466	3
467	51
468	28
469	15
470	16
471	6
472	20
473	0
474	0
475	0
476	96
477	3
478	13
479	63
480	6
481	33
482	9
483	19
484	15
485	4
486	8
487	0
488	29
489	21
490	64
491	7
492	42
493	9
494	179
495	260
496	20
497	9
498	7
499	3
500	43


input.pir0Wtd2.gz

451	28
452	205
453	103
454	159
455	26
456	4
457	70
458	30
459	43
460	51
461	5
462	26
463	92
464	15
465	33
466	3
467	56
468	23
469	15
470	16
471	5
472	18
473	1
474	3
475	39
476	99
477	3
478	104
479	61
480	15
481	33
482	9
483	19
484	15
485	4
486	8
487	16
488	32
489	21
490	65
491	20
492	41
493	42
494	197
495	280
496	20
497	9
498	7
499	3
500	37


input.pir0WTTD.gz

451	28
452	177
453	105
454	160
455	26
456	4
457	71
458	28
459	43
460	57
461	5
462	32
463	86
464	15
465	41
466	3
467	50
468	35
469	15
470	16
471	5
472	24
473	1
474	4
475	39
476	97
477	3
478	100
479	61
480	15
481	33
482	9
483	19
484	15
485	4
486	8
487	16
488	31
489	21
490	65
491	19
492	42
493	41
494	204
495	278
496	20
497	9
498	7
499	3
500	40


input.PuLongAuth.gz

451	16
452	40
453	58
454	62
455	17
456	0
457	42
458	3
459	14
460	42
461	4
462	12
463	38
464	1
465	12
466	2
467	46
468	17
469	1
470	3
471	4
472	9
473	0
474	4
475	17
476	28
477	3
478	30
479	32
480	2
481	9
482	4
483	6
484	5
485	4
486	8
487	14
488	16
489	8
490	29
491	3
492	12
493	14
494	94
495	44
496	7
497	5
498	2
499	1
500	40


input.PuLongBase.gz

451	16
452	40
453	58
454	62
455	17
456	0
457	42
458	3
459	14
460	42
461	4
462	12
463	38
464	1
465	12
466	2
467	46
468	17
469	1
470	3
471	4
472	9
473	0
474	4
475	17
476	28
477	3
478	30
479	32
480	2
481	9
482	4
483	6
484	5
485	4
486	8
487	14
488	16
489	8
490	29
491	3
492	12
493	14
494	94
495	44
496	7
497	5
498	2
499	1
500	40


input.PuLongWAuth.gz

451	16
452	40
453	58
454	62
455	17
456	0
457	42
458	3
459	14
460	42
461	4
462	12
463	38
464	1
465	12
466	2
467	46
468	17
469	1
470	3
471	4
472	9
473	0
474	4
475	17
476	28
477	3
478	30
479	32
480	2
481	9
482	4
483	6
484	5
485	4
486	8
487	14
488	16
489	8
490	29
491	3
492	12
493	14
494	94
495	44
496	7
497	5
498	2
499	1
500	40


input.PuShortAuth.gz

451	15
452	30
453	71
454	90
455	15
456	4
457	14
458	8
459	15
460	42
461	4
462	9
463	0
464	0
465	12
466	2
467	47
468	17
469	1
470	3
471	3
472	9
473	0
474	1
475	17
476	27
477	3
478	32
479	30
480	0
481	6
482	4
483	12
484	7
485	4
486	8
487	0
488	19
489	8
490	24
491	0
492	10
493	13
494	120
495	18
496	13
497	6
498	2
499	1
500	40


input.PuShortBase.gz

451	15
452	30
453	71
454	90
455	15
456	4
457	14
458	8
459	15
460	42
461	4
462	9
463	0
464	0
465	12
466	2
467	47
468	17
469	1
470	3
471	3
472	9
473	0
474	1
475	17
476	27
477	3
478	32
479	30
480	0
481	6
482	4
483	12
484	7
485	4
486	8
487	0
488	19
489	8
490	24
491	0
492	10
493	13
494	120
495	18
496	13
497	6
498	2
499	1
500	40


input.PuShortWAuth.gz

451	15
452	30
453	71
454	90
455	15
456	4
457	14
458	8
459	15
460	42
461	4
462	9
463	0
464	0
465	12
466	2
467	47
468	17
469	1
470	3
471	3
472	9
473	0
474	1
475	17
476	27
477	3
478	32
479	30
480	0
481	6
482	4
483	12
484	7
485	4
486	8
487	0
488	19
489	8
490	24
491	0
492	10
493	13
494	120
495	18
496	13
497	6
498	2
499	1
500	40


input.ric9dpn.gz

451	25
452	214
453	102
454	156
455	26
456	3
457	65
458	33
459	40
460	59
461	5
462	27
463	91
464	12
465	33
466	3
467	53
468	25
469	15
470	18
471	8
472	29
473	1
474	24
475	36
476	97
477	3
478	63
479	69
480	16
481	33
482	9
483	17
484	15
485	4
486	8
487	16
488	34
489	21
490	58
491	13
492	40
493	29
494	164
495	343
496	20
497	9
498	6
499	3
500	39


input.dcu00ca.gz

451	19
452	61
453	38
454	62
455	5
456	3
457	50
458	11
459	22
460	33
461	4
462	27
463	24
464	2
465	27
466	3
467	18
468	0
469	11
470	17
471	5
472	7
473	0
474	4
475	33
476	93
477	3
478	34
479	62
480	2
481	19
482	6
483	14
484	15
485	4
486	6
487	16
488	14
489	7
490	9
491	9
492	15
493	15
494	145
495	148
496	20
497	3
498	6
499	2
500	47


input.dcu00la.gz

451	19
452	61
453	38
454	62
455	5
456	3
457	50
458	11
459	22
460	33
461	4
462	27
463	24
464	2
465	27
466	3
467	18
468	0
469	11
470	17
471	5
472	7
473	0
474	4
475	33
476	93
477	3
478	34
479	62
480	2
481	19
482	6
483	14
484	15
485	4
486	6
487	16
488	14
489	7
490	9
491	9
492	15
493	15
494	145
495	148
496	20
497	3
498	6
499	2
500	47


input.dcu00lb.gz

451	19
452	61
453	38
454	62
455	5
456	3
457	50
458	11
459	22
460	33
461	4
462	27
463	24
464	2
465	27
466	3
467	18
468	0
469	11
470	17
471	5
472	7
473	0
474	4
475	33
476	93
477	3
478	34
479	62
480	2
481	19
482	6
483	14
484	15
485	4
486	6
487	16
488	14
489	7
490	9
491	9
492	15
493	15
494	145
495	148
496	20
497	3
498	6
499	2
500	47


input.dcu00lc.gz

451	19
452	61
453	38
454	62
455	5
456	3
457	50
458	11
459	22
460	33
461	4
462	27
463	24
464	2
465	27
466	3
467	18
468	0
469	11
470	17
471	5
472	7
473	0
474	4
475	33
476	93
477	3
478	34
479	62
480	2
481	19
482	6
483	14
484	15
485	4
486	6
487	16
488	14
489	7
490	9
491	9
492	15
493	15
494	145
495	148
496	20
497	3
498	6
499	2
500	47


input.Flab9atd2N.gz

451	23
452	139
453	98
454	132
455	25
456	0
457	63
458	6
459	40
460	11
461	4
462	26
463	74
464	8
465	36
466	3
467	57
468	18
469	14
470	12
471	7
472	17
473	0
474	4
475	26
476	62
477	3
478	42
479	59
480	14
481	29
482	9
483	16
484	10
485	4
486	8
487	16
488	24
489	20
490	47
491	12
492	39
493	6
494	175
495	172
496	18
497	9
498	6
499	3
500	51


input.Flab9atdN.gz

451	23
452	136
453	103
454	131
455	25
456	1
457	67
458	30
459	38
460	23
461	4
462	27
463	71
464	5
465	29
466	3
467	59
468	18
469	14
470	14
471	7
472	15
473	0
474	6
475	29
476	60
477	3
478	42
479	57
480	14
481	29
482	9
483	16
484	11
485	4
486	8
487	16
488	23
489	20
490	44
491	8
492	39
493	38
494	154
495	160
496	18
497	9
498	7
499	3
500	57


input.Flab9atdnN.gz

451	23
452	110
453	106
454	130
455	25
456	1
457	64
458	16
459	43
460	55
461	4
462	26
463	69
464	1
465	29
466	3
467	53
468	16
469	13
470	15
471	7
472	17
473	0
474	2
475	38
476	56
477	3
478	43
479	57
480	15
481	29
482	9
483	16
484	10
485	4
486	8
487	16
488	24
489	21
490	42
491	11
492	38
493	43
494	194
495	161
496	19
497	9
498	7
499	3
500	62


input.Flab9atN.gz

451	23
452	79
453	37
454	128
455	21
456	1
457	64
458	4
459	37
460	24
461	4
462	25
463	0
464	0
465	30
466	3
467	44
468	19
469	14
470	14
471	7
472	14
473	0
474	0
475	29
476	59
477	3
478	40
479	58
480	3
481	28
482	9
483	9
484	5
485	4
486	8
487	16
488	23
489	1
490	39
491	3
492	36
493	0
494	165
495	152
496	19
497	9
498	7
499	2
500	34


input.hum9td4.gz

451	26
452	140
453	53
454	127
455	26
456	1
457	65
458	10
459	41
460	54
461	5
462	26
463	69
464	12
465	31
466	3
467	42
468	18
469	15
470	18
471	4
472	25
473	0
474	13
475	38
476	96
477	3
478	67
479	68
480	15
481	32
482	8
483	15
484	9
485	4
486	8
487	15
488	28
489	21
490	59
491	13
492	23
493	11
494	189
495	278
496	19
497	9
498	6
499	3
500	35


input.hum9tde.gz

451	26
452	181
453	88
454	128
455	26
456	0
457	67
458	9
459	41
460	58
461	5
462	28
463	88
464	12
465	29
466	3
467	41
468	15
469	15
470	18
471	6
472	26
473	0
474	6
475	38
476	97
477	3
478	82
479	68
480	15
481	32
482	9
483	17
484	11
485	4
486	8
487	15
488	29
489	21
490	59
491	10
492	33
493	10
494	191
495	300
496	19
497	9
498	6
499	3
500	40


input.hum9tdn.gz

451	28
452	140
453	92
454	135
455	26
456	5
457	68
458	9
459	41
460	59
461	5
462	22
463	99
464	8
465	42
466	3
467	38
468	21
469	15
470	18
471	4
472	27
473	0
474	4
475	40
476	97
477	3
478	86
479	68
480	18
481	33
482	9
483	18
484	14
485	4
486	8
487	16
488	22
489	21
490	61
491	9
492	31
493	19
494	175
495	333
496	20
497	9
498	6
499	3
500	59


input.hum9te.gz

451	21
452	105
453	94
454	156
455	23
456	4
457	65
458	13
459	41
460	59
461	5
462	28
463	95
464	10
465	17
466	3
467	61
468	14
469	15
470	18
471	7
472	22
473	0
474	2
475	40
476	93
477	3
478	35
479	67
480	11
481	18
482	9
483	14
484	14
485	4
486	8
487	16
488	28
489	20
490	55
491	5
492	35
493	0
494	149
495	300
496	20
497	9
498	6
499	3
500	41


input.iit00m.gz

451	24
452	168
453	72
454	159
455	26
456	11
457	58
458	32
459	47
460	41
461	5
462	13
463	95
464	10
465	41
466	3
467	27
468	40
469	8
470	17
471	5
472	7
473	1
474	18
475	44
476	95
477	3
478	101
479	57
480	18
481	29
482	6
483	19
484	14
485	0
486	8
487	16
488	32
489	21
490	52
491	22
492	37
493	22
494	164
495	99
496	9
497	4
498	7
499	2
500	4


input.iit00t.gz

451	28
452	23
453	103
454	155
455	24
456	0
457	66
458	16
459	40
460	59
461	5
462	26
463	0
464	13
465	6
466	3
467	48
468	24
469	14
470	17
471	4
472	19
473	1
474	13
475	39
476	97
477	3
478	14
479	59
480	13
481	33
482	7
483	15
484	9
485	0
486	8
487	0
488	33
489	21
490	55
491	4
492	41
493	3
494	162
495	287
496	19
497	9
498	7
499	3
500	29


input.iit00td.gz

451	28
452	139
453	107
454	154
455	26
456	2
457	67
458	33
459	41
460	59
461	5
462	26
463	83
464	14
465	29
466	3
467	51
468	33
469	15
470	16
471	7
472	24
473	1
474	28
475	39
476	101
477	3
478	49
479	59
480	15
481	33
482	9
483	18
484	12
485	4
486	8
487	16
488	33
489	21
490	60
491	13
492	41
493	23
494	165
495	313
496	18
497	9
498	6
499	3
500	30


input.iit00tde.gz

451	25
452	130
453	105
454	154
455	26
456	0
457	67
458	32
459	40
460	59
461	5
462	24
463	82
464	15
465	29
466	3
467	50
468	31
469	15
470	16
471	7
472	24
473	1
474	26
475	39
476	101
477	3
478	50
479	59
480	15
481	33
482	9
483	18
484	13
485	4
486	8
487	16
488	33
489	21
490	60
491	13
492	40
493	27
494	168
495	319
496	18
497	9
498	6
499	3
500	29


input.isnnwt.gz

451	4
452	1
453	27
454	7
455	0
456	1
457	1
458	2
459	0
460	2
461	3
462	13
463	0
464	0
465	6
466	0
467	1
468	0
469	0
470	0
471	2
472	1
473	0
474	0
475	0
476	0
477	0
478	21
479	0
480	0
481	2
482	0
483	0
484	0
485	4
486	4
487	0
488	3
489	3
490	0
491	2
492	16
493	0
494	16
495	0
496	5
497	2
498	0
499	1
500	4


input.iswt.gz

451	9
452	2
453	28
454	33
455	9
456	1
457	21
458	12
459	0
460	2
461	2
462	16
463	0
464	0
465	20
466	0
467	24
468	0
469	0
470	0
471	2
472	3
473	0
474	2
475	2
476	3
477	0
478	22
479	0
480	2
481	3
482	4
483	5
484	1
485	4
486	4
487	0
488	3
489	7
490	1
491	2
492	14
493	0
494	15
495	1
496	3
497	3
498	3
499	1
500	8


input.iswtd.gz

451	3
452	9
453	27
454	27
455	10
456	1
457	18
458	7
459	0
460	2
461	3
462	12
463	0
464	0
465	3
466	0
467	13
468	0
469	0
470	0
471	2
472	1
473	0
474	2
475	2
476	3
477	0
478	21
479	2
480	2
481	3
482	0
483	5
484	1
485	4
486	4
487	8
488	3
489	8
490	1
491	2
492	16
493	25
494	19
495	1
496	5
497	0
498	4
499	1
500	9


input.iswtdn.gz

451	1
452	4
453	27
454	6
455	9
456	1
457	0
458	7
459	0
460	2
461	3
462	11
463	0
464	0
465	14
466	0
467	3
468	0
469	0
470	1
471	2
472	3
473	1
474	2
475	2
476	3
477	2
478	21
479	1
480	2
481	5
482	0
483	5
484	1
485	4
486	2
487	8
488	3
489	8
490	0
491	2
492	2
493	23
494	0
495	0
496	5
497	2
498	0
499	1
500	7


input.jscbt9wcl1.gz

451	28
452	205
453	98
454	159
455	26
456	13
457	71
458	30
459	34
460	57
461	5
462	24
463	90
464	15
465	41
466	3
467	40
468	30
469	15
470	18
471	8
472	21
473	1
474	13
475	40
476	102
477	3
478	102
479	69
480	16
481	33
482	9
483	18
484	14
485	4
486	8
487	16
488	33
489	20
490	64
491	17
492	41
493	42
494	198
495	167
496	20
497	9
498	7
499	3
500	51


input.jscbt9wcs1.gz

451	26
452	153
453	83
454	159
455	26
456	8
457	64
458	8
459	35
460	49
461	5
462	31
463	0
464	0
465	10
466	3
467	26
468	26
469	15
470	18
471	7
472	19
473	1
474	8
475	38
476	98
477	3
478	20
479	69
480	7
481	33
482	9
483	15
484	14
485	4
486	8
487	16
488	32
489	20
490	64
491	5
492	41
493	2
494	183
495	159
496	20
497	9
498	7
499	3
500	40


input.jscbt9wll1.gz

451	28
452	203
453	96
454	159
455	26
456	13
457	69
458	30
459	34
460	57
461	5
462	23
463	90
464	15
465	41
466	3
467	42
468	30
469	15
470	18
471	8
472	20
473	1
474	13
475	40
476	102
477	3
478	88
479	69
480	16
481	33
482	9
483	18
484	14
485	4
486	8
487	16
488	33
489	21
490	64
491	17
492	41
493	31
494	197
495	174
496	20
497	9
498	7
499	3
500	51


input.jscbt9wll2.gz

451	28
452	213
453	95
454	159
455	26
456	14
457	68
458	30
459	34
460	57
461	5
462	26
463	99
464	15
465	41
466	3
467	42
468	28
469	15
470	18
471	8
472	21
473	1
474	14
475	40
476	100
477	3
478	102
479	69
480	16
481	33
482	9
483	18
484	14
485	4
486	8
487	16
488	33
489	21
490	64
491	17
492	42
493	44
494	195
495	175
496	20
497	9
498	7
499	3
500	57


input.jscbt9wls1.gz

451	26
452	154
453	81
454	159
455	26
456	8
457	64
458	7
459	35
460	52
461	5
462	31
463	0
464	0
465	10
466	3
467	29
468	26
469	15
470	18
471	7
472	19
473	1
474	8
475	38
476	98
477	3
478	26
479	69
480	7
481	33
482	9
483	15
484	14
485	4
486	8
487	16
488	32
489	21
490	64
491	5
492	41
493	2
494	183
495	157
496	20
497	9
498	7
499	3
500	43


input.jscbt9wls2.gz

451	26
452	158
453	86
454	158
455	26
456	9
457	64
458	17
459	36
460	52
461	5
462	26
463	0
464	0
465	10
466	3
467	38
468	19
469	15
470	18
471	8
472	19
473	0
474	1
475	36
476	98
477	3
478	33
479	69
480	6
481	32
482	9
483	12
484	14
485	4
486	8
487	16
488	32
489	19
490	64
491	7
492	41
493	0
494	161
495	119
496	20
497	9
498	6
499	3
500	35


input.Mer9Wt0.gz

451	4
452	11
453	42
454	40
455	0
456	0
457	7
458	6
459	7
460	29
461	5
462	0
463	0
464	0
465	6
466	3
467	31
468	5
469	12
470	16
471	1
472	0
473	0
474	0
475	8
476	38
477	0
478	14
479	23
480	0
481	1
482	0
483	7
484	2
485	4
486	8
487	15
488	2
489	16
490	17
491	5
492	0
493	0
494	139
495	5
496	18
497	9
498	0
499	0
500	1


input.Mer9Wt1.gz

451	1
452	12
453	15
454	8
455	0
456	0
457	5
458	8
459	4
460	0
461	0
462	0
463	0
464	0
465	0
466	0
467	3
468	5
469	0
470	0
471	1
472	0
473	0
474	0
475	3
476	5
477	0
478	9
479	1
480	1
481	0
482	0
483	2
484	0
485	0
486	0
487	3
488	2
489	2
490	2
491	1
492	0
493	0
494	27
495	4
496	1
497	0
498	0
499	0
500	1


input.Mer9WtdMr.gz

451	1
452	12
453	14
454	7
455	0
456	0
457	5
458	8
459	4
460	0
461	0
462	0
463	6
464	0
465	1
466	0
467	3
468	5
469	12
470	0
471	1
472	0
473	0
474	4
475	3
476	5
477	0
478	9
479	1
480	1
481	0
482	0
483	2
484	0
485	0
486	0
487	3
488	2
489	2
490	2
491	3
492	2
493	0
494	27
495	8
496	1
497	0
498	0
499	0
500	1


input.Mer9Wtnd.gz

451	1
452	12
453	14
454	7
455	0
456	0
457	5
458	8
459	4
460	0
461	0
462	0
463	6
464	1
465	1
466	0
467	3
468	5
469	0
470	0
471	1
472	0
473	0
474	3
475	3
476	5
477	0
478	9
479	1
480	1
481	0
482	0
483	2
484	0
485	0
486	0
487	3
488	2
489	2
490	2
491	3
492	2
493	0
494	24
495	7
496	0
497	0
498	0
499	0
500	1


input.NEnm.gz

451	23
452	159
453	87
454	142
455	24
456	10
457	70
458	29
459	41
460	60
461	5
462	26
463	70
464	7
465	38
466	3
467	50
468	19
469	15
470	17
471	6
472	27
473	1
474	29
475	46
476	93
477	3
478	63
479	67
480	15
481	33
482	9
483	17
484	13
485	4
486	8
487	16
488	29
489	21
490	59
491	12
492	36
493	22
494	171
495	99
496	20
497	9
498	7
499	3
500	61


input.NEnmLpas.gz

451	23
452	159
453	87
454	142
455	24
456	10
457	70
458	29
459	41
460	60
461	5
462	26
463	70
464	7
465	38
466	3
467	50
468	19
469	15
470	17
471	6
472	27
473	1
474	29
475	46
476	93
477	3
478	63
479	67
480	15
481	33
482	9
483	17
484	13
485	4
486	8
487	16
488	29
489	21
490	59
491	12
492	36
493	22
494	171
495	99
496	20
497	9
498	7
499	3
500	61


input.NEnmLsa.gz

451	23
452	161
453	85
454	142
455	24
456	10
457	70
458	29
459	41
460	60
461	5
462	26
463	70
464	7
465	38
466	3
467	50
468	19
469	15
470	17
471	6
472	27
473	1
474	29
475	46
476	93
477	3
478	63
479	67
480	15
481	33
482	9
483	17
484	13
485	4
486	8
487	16
488	29
489	21
490	59
491	12
492	36
493	22
494	171
495	99
496	20
497	9
498	7
499	3
500	61


input.NENRtm.gz

451	24
452	103
453	81
454	156
455	23
456	5
457	69
458	6
459	40
460	39
461	5
462	29
463	0
464	2
465	18
466	3
467	32
468	19
469	14
470	17
471	4
472	21
473	0
474	17
475	43
476	92
477	3
478	30
479	68
480	8
481	33
482	9
483	18
484	15
485	4
486	8
487	16
488	30
489	14
490	54
491	6
492	37
493	3
494	162
495	47
496	20
497	9
498	7
499	3
500	44


input.ric9dpxL.gz

451	25
452	235
453	105
454	154
455	26
456	0
457	71
458	33
459	41
460	59
461	5
462	29
463	91
464	15
465	32
466	3
467	57
468	26
469	15
470	18
471	8
472	25
473	0
474	19
475	40
476	96
477	3
478	78
479	69
480	15
481	33
482	9
483	17
484	15
485	4
486	8
487	16
488	31
489	21
490	60
491	14
492	40
493	14
494	203
495	339
496	20
497	9
498	7
499	3
500	38


input.ric9dsx.gz

451	25
452	230
453	105
454	153
455	26
456	0
457	71
458	33
459	41
460	59
461	5
462	28
463	89
464	12
465	31
466	3
467	60
468	19
469	15
470	18
471	8
472	24
473	0
474	19
475	40
476	96
477	3
478	60
479	68
480	18
481	32
482	9
483	16
484	15
485	4
486	8
487	16
488	28
489	21
490	55
491	12
492	39
493	6
494	187
495	326
496	20
497	9
498	6
499	3
500	47


input.ric9tpx.gz

451	25
452	113
453	105
454	157
455	26
456	5
457	71
458	28
459	40
460	58
461	5
462	30
463	2
464	0
465	29
466	3
467	49
468	26
469	15
470	18
471	6
472	17
473	0
474	0
475	39
476	95
477	3
478	26
479	68
480	3
481	33
482	9
483	14
484	15
485	4
486	8
487	0
488	32
489	21
490	60
491	5
492	39
493	5
494	191
495	309
496	20
497	9
498	7
499	3
500	39


input.rmitNFGweb.gz

451	21
452	43
453	97
454	142
455	5
456	0
457	9
458	8
459	19
460	0
461	4
462	4
463	95
464	0
465	10
466	3
467	39
468	17
469	15
470	0
471	6
472	6
473	0
474	0
475	20
476	5
477	3
478	25
479	44
480	1
481	10
482	4
483	11
484	7
485	4
486	8
487	16
488	20
489	10
490	17
491	1
492	2
493	28
494	144
495	0
496	20
497	9
498	2
499	2
500	37


input.rmitNFLweb.gz

451	21
452	43
453	97
454	140
455	5
456	0
457	9
458	8
459	16
460	0
461	4
462	4
463	95
464	0
465	10
466	3
467	37
468	15
469	15
470	0
471	6
472	6
473	0
474	0
475	20
476	5
477	3
478	25
479	44
480	1
481	10
482	4
483	11
484	8
485	4
486	8
487	16
488	20
489	10
490	18
491	1
492	3
493	28
494	144
495	0
496	20
497	9
498	2
499	2
500	37


input.rmitWFGweb.gz

451	8
452	7
453	18
454	26
455	0
456	0
457	0
458	1
459	2
460	0
461	2
462	0
463	21
464	0
465	5
466	0
467	5
468	0
469	2
470	0
471	1
472	1
473	0
474	3
475	9
476	0
477	0
478	6
479	2
480	0
481	3
482	0
483	5
484	1
485	0
486	8
487	1
488	5
489	2
490	5
491	0
492	1
493	8
494	26
495	1
496	3
497	3
498	0
499	1
500	9


input.rmitWFLweb.gz

451	10
452	29
453	60
454	81
455	0
456	0
457	2
458	6
459	14
460	0
461	3
462	3
463	69
464	0
465	8
466	3
467	18
468	8
469	14
470	0
471	1
472	2
473	0
474	0
475	14
476	1
477	1
478	20
479	26
480	0
481	6
482	1
483	8
484	9
485	4
486	8
487	9
488	9
489	3
490	12
491	0
492	2
493	20
494	103
495	0
496	10
497	8
498	2
499	1
500	13


input.Sab9web1.gz

451	23
452	121
453	78
454	147
455	23
456	6
457	69
458	15
459	44
460	24
461	5
462	20
463	0
464	0
465	31
466	3
467	47
468	18
469	14
470	11
471	7
472	5
473	0
474	0
475	26
476	68
477	3
478	34
479	48
480	2
481	32
482	6
483	15
484	11
485	4
486	8
487	0
488	26
489	18
490	43
491	3
492	41
493	17
494	196
495	5
496	19
497	9
498	7
499	3
500	61


input.Sab9web2.gz

451	23
452	93
453	102
454	138
455	22
456	12
457	68
458	13
459	43
460	54
461	5
462	19
463	72
464	7
465	40
466	3
467	48
468	23
469	15
470	11
471	7
472	18
473	0
474	7
475	42
476	70
477	3
478	48
479	53
480	17
481	30
482	6
483	16
484	8
485	4
486	8
487	16
488	26
489	21
490	49
491	12
492	39
493	42
494	172
495	25
496	19
497	9
498	7
499	3
500	59


input.Sab9web3.gz

451	23
452	91
453	103
454	136
455	22
456	11
457	70
458	8
459	43
460	54
461	5
462	19
463	70
464	10
465	40
466	3
467	48
468	23
469	15
470	11
471	7
472	18
473	0
474	4
475	42
476	72
477	3
478	48
479	53
480	17
481	30
482	6
483	16
484	8
485	4
486	8
487	16
488	26
489	21
490	49
491	12
492	39
493	42
494	172
495	21
496	19
497	9
498	7
499	3
500	59


input.Sab9web4.gz

451	23
452	99
453	99
454	138
455	20
456	14
457	68
458	17
459	43
460	53
461	5
462	19
463	72
464	7
465	40
466	3
467	48
468	23
469	15
470	11
471	7
472	19
473	0
474	4
475	41
476	71
477	3
478	48
479	53
480	17
481	30
482	6
483	16
484	8
485	4
486	8
487	16
488	26
489	21
490	49
491	12
492	40
493	42
494	172
495	28
496	19
497	9
498	7
499	3
500	59


input.Sab9web5.gz

451	23
452	93
453	102
454	138
455	22
456	12
457	68
458	13
459	43
460	54
461	5
462	19
463	72
464	7
465	40
466	3
467	48
468	23
469	15
470	11
471	7
472	18
473	0
474	7
475	42
476	70
477	3
478	48
479	53
480	17
481	30
482	6
483	16
484	8
485	4
486	8
487	16
488	26
489	21
490	49
491	12
492	39
493	42
494	172
495	25
496	19
497	9
498	7
499	3
500	59


input.Scai9Web1.gz

451	27
452	83
453	80
454	124
455	12
456	0
457	61
458	33
459	39
460	51
461	5
462	13
463	37
464	12
465	13
466	3
467	54
468	22
469	15
470	18
471	3
472	14
473	0
474	5
475	38
476	98
477	2
478	29
479	39
480	5
481	17
482	8
483	13
484	15
485	4
486	8
487	16
488	18
489	20
490	34
491	9
492	18
493	11
494	154
495	117
496	20
497	9
498	4
499	2
500	45


input.Scai9Web2.gz

451	28
452	83
453	14
454	154
455	12
456	0
457	61
458	33
459	39
460	51
461	5
462	13
463	37
464	12
465	11
466	3
467	54
468	22
469	15
470	18
471	3
472	14
473	0
474	5
475	38
476	98
477	2
478	29
479	22
480	5
481	17
482	8
483	13
484	15
485	4
486	8
487	16
488	18
489	20
490	34
491	10
492	18
493	11
494	154
495	116
496	20
497	9
498	4
499	2
500	45


input.Scai9Web3.gz

451	23
452	77
453	93
454	143
455	12
456	0
457	62
458	33
459	39
460	57
461	5
462	15
463	87
464	10
465	15
466	3
467	60
468	22
469	11
470	18
471	2
472	15
473	0
474	4
475	36
476	98
477	0
478	34
479	38
480	7
481	20
482	7
483	14
484	15
485	4
486	8
487	16
488	18
489	20
490	34
491	1
492	19
493	4
494	138
495	50
496	20
497	9
498	4
499	2
500	50


input.Scai9Web4.gz

451	28
452	83
453	42
454	140
455	12
456	0
457	61
458	33
459	39
460	51
461	5
462	13
463	37
464	12
465	13
466	3
467	54
468	22
469	15
470	18
471	3
472	14
473	0
474	5
475	38
476	98
477	2
478	29
479	37
480	5
481	17
482	8
483	13
484	15
485	4
486	8
487	16
488	18
489	20
490	34
491	10
492	18
493	11
494	154
495	119
496	20
497	9
498	4
499	2
500	45


input.CWI0010.gz

451	8
452	48
453	32
454	83
455	6
456	3
457	32
458	4
459	22
460	23
461	0
462	12
463	0
464	0
465	5
466	0
467	12
468	7
469	2
470	6
471	3
472	6
473	0
474	4
475	0
476	35
477	0
478	14
479	32
480	4
481	18
482	7
483	9
484	0
485	0
486	4
487	0
488	13
489	9
490	27
491	6
492	17
493	12
494	118
495	12
496	3
497	5
498	1
499	1
500	16


input.NENRtmLpas.gz

451	24
452	103
453	81
454	156
455	23
456	5
457	69
458	6
459	40
460	39
461	5
462	29
463	0
464	2
465	18
466	3
467	32
468	19
469	14
470	17
471	4
472	21
473	0
474	17
475	43
476	92
477	3
478	30
479	68
480	8
481	33
482	9
483	18
484	15
485	4
486	8
487	16
488	30
489	14
490	54
491	6
492	37
493	3
494	162
495	47
496	20
497	9
498	7
499	3
500	44


input.ric9dpx.gz

451	25
452	235
453	105
454	154
455	26
456	0
457	71
458	33
459	41
460	59
461	5
462	29
463	91
464	15
465	32
466	3
467	57
468	26
469	15
470	18
471	8
472	25
473	0
474	19
475	40
476	96
477	3
478	78
479	69
480	15
481	33
482	9
483	17
484	15
485	4
486	8
487	16
488	31
489	21
490	60
491	14
492	40
493	14
494	203
495	339
496	20
497	9
498	7
499	3
500	38


input.tnout9f1.gz

451	28
452	137
453	104
454	128
455	23
456	5
457	67
458	18
459	43
460	53
461	5
462	21
463	95
464	0
465	38
466	3
467	50
468	25
469	15
470	18
471	6
472	16
473	0
474	21
475	36
476	95
477	3
478	45
479	65
480	14
481	29
482	6
483	16
484	14
485	4
486	8
487	15
488	26
489	19
490	54
491	12
492	37
493	42
494	163
495	29
496	19
497	8
498	7
499	3
500	63


input.tnout9t2.gz

451	28
452	104
453	97
454	157
455	17
456	1
457	64
458	15
459	40
460	55
461	5
462	26
463	0
464	0
465	14
466	3
467	33
468	16
469	15
470	18
471	5
472	20
473	0
474	7
475	36
476	96
477	2
478	26
479	67
480	7
481	32
482	8
483	14
484	14
485	4
486	8
487	15
488	27
489	19
490	58
491	5
492	34
493	23
494	154
495	46
496	19
497	9
498	7
499	3
500	41


input.tnout9t2lc10.gz

451	28
452	104
453	97
454	157
455	17
456	1
457	64
458	15
459	40
460	55
461	5
462	26
463	0
464	0
465	14
466	3
467	33
468	16
469	15
470	18
471	5
472	20
473	0
474	7
475	36
476	96
477	2
478	26
479	67
480	7
481	32
482	8
483	14
484	14
485	4
486	8
487	15
488	27
489	19
490	58
491	5
492	34
493	23
494	154
495	46
496	19
497	9
498	7
499	3
500	41


input.tnout9t2lc50.gz

451	28
452	104
453	97
454	157
455	17
456	1
457	64
458	15
459	40
460	55
461	5
462	26
463	0
464	0
465	14
466	3
467	33
468	16
469	15
470	18
471	5
472	20
473	0
474	7
475	36
476	96
477	2
478	26
479	67
480	7
481	32
482	8
483	14
484	14
485	4
486	8
487	15
488	27
489	19
490	58
491	5
492	34
493	23
494	154
495	46
496	19
497	9
498	7
499	3
500	41


input.tnout9t2lk50.gz

451	28
452	104
453	97
454	157
455	17
456	1
457	61
458	14
459	40
460	53
461	5
462	26
463	0
464	0
465	11
466	3
467	33
468	14
469	15
470	18
471	5
472	20
473	0
474	5
475	36
476	96
477	0
478	26
479	68
480	7
481	32
482	8
483	13
484	14
485	4
486	8
487	0
488	26
489	19
490	56
491	5
492	34
493	19
494	140
495	33
496	19
497	9
498	7
499	3
500	39


input.UCCS1.gz

451	0
452	1
453	16
454	14
455	0
456	0
457	4
458	3
459	1
460	1
461	2
462	0
463	0
464	0
465	0
466	0
467	0
468	2
469	3
470	4
471	0
472	0
473	0
474	1
475	18
476	7
477	0
478	16
479	0
480	0
481	2
482	0
483	5
484	0
485	0
486	0
487	0
488	2
489	8
490	4
491	0
492	4
493	6
494	53
495	9
496	7
497	3
498	4
499	1
500	1


input.UCCS2.gz

451	0
452	1
453	16
454	13
455	0
456	0
457	4
458	3
459	1
460	1
461	0
462	0
463	0
464	0
465	0
466	0
467	0
468	0
469	3
470	4
471	0
472	1
473	0
474	1
475	18
476	11
477	0
478	16
479	0
480	0
481	7
482	1
483	5
484	0
485	0
486	0
487	0
488	1
489	8
490	4
491	0
492	3
493	6
494	53
495	8
496	7
497	3
498	1
499	1
500	1


input.UCCS3.gz

451	0
452	0
453	0
454	0
455	0
456	0
457	0
458	1
459	0
460	0
461	0
462	0
463	0
464	0
465	0
466	0
467	0
468	0
469	0
470	0
471	0
472	0
473	0
474	0
475	0
476	1
477	0
478	0
479	0
480	0
481	0
482	0
483	0
484	0
485	0
486	0
487	0
488	0
489	0
490	0
491	0
492	2
493	0
494	0
495	0
496	0
497	0
498	0
499	0
500	0


input.UCCS4.gz

451	0
452	0
453	0
454	0
455	0
456	0
457	0
458	1
459	0
460	0
461	0
462	0
463	1
464	0
465	0
466	0
467	0
468	0
469	0
470	0
471	0
472	0
473	0
474	0
475	0
476	1
477	0
478	0
479	0
480	0
481	0
482	0
483	0
484	0
485	0
486	0
487	0
488	0
489	0
490	0
491	0
492	3
493	0
494	0
495	0
496	0
497	0
498	0
499	0
500	0


input.uwmt9w10g0.gz

451	24
452	37
453	91
454	155
455	26
456	3
457	57
458	33
459	37
460	57
461	5
462	21
463	0
464	10
465	15
466	3
467	28
468	31
469	11
470	17
471	5
472	18
473	1
474	2
475	36
476	97
477	3
478	35
479	69
480	4
481	32
482	6
483	14
484	15
485	4
486	8
487	16
488	31
489	20
490	45
491	5
492	40
493	4
494	138
495	116
496	20
497	9
498	2
499	2
500	45


input.uwmt9w10g1.gz

451	25
452	27
453	40
454	107
455	22
456	0
457	36
458	15
459	38
460	48
461	5
462	21
463	35
464	12
465	21
466	3
467	44
468	24
469	15
470	17
471	4
472	18
473	1
474	10
475	11
476	97
477	3
478	97
479	68
480	6
481	33
482	9
483	14
484	3
485	4
486	8
487	16
488	27
489	20
490	45
491	9
492	17
493	8
494	153
495	142
496	9
497	9
498	5
499	2
500	9


input.uwmt9w10g2.gz

451	24
452	37
453	91
454	155
455	26
456	3
457	57
458	33
459	37
460	57
461	5
462	21
463	0
464	10
465	15
466	3
467	28
468	31
469	11
470	17
471	5
472	18
473	1
474	2
475	36
476	97
477	3
478	35
479	69
480	4
481	32
482	6
483	14
484	15
485	4
486	8
487	16
488	31
489	20
490	45
491	5
492	40
493	4
494	138
495	116
496	20
497	9
498	2
499	2
500	45


input.uwmt9w10g3.gz

451	25
452	27
453	40
454	107
455	22
456	0
457	36
458	15
459	38
460	48
461	5
462	21
463	35
464	12
465	21
466	3
467	44
468	24
469	15
470	17
471	4
472	18
473	1
474	10
475	11
476	97
477	3
478	97
479	68
480	6
481	33
482	9
483	14
484	3
485	4
486	8
487	16
488	27
489	20
490	45
491	9
492	17
493	8
494	153
495	142
496	9
497	9
498	5
499	2
500	9


input.uwmt9w10g4.gz

451	26
452	129
453	92
454	160
455	26
456	3
457	46
458	33
459	44
460	57
461	5
462	21
463	0
464	9
465	13
466	3
467	29
468	20
469	15
470	17
471	2
472	20
473	0
474	2
475	48
476	102
477	3
478	37
479	69
480	4
481	32
482	6
483	19
484	15
485	4
486	8
487	16
488	22
489	21
490	62
491	5
492	40
493	13
494	164
495	164
496	20
497	9
498	6
499	2
500	16


input.uwmt9w10g5.gz

451	26
452	129
453	92
454	160
455	26
456	3
457	46
458	33
459	44
460	57
461	5
462	21
463	0
464	9
465	13
466	3
467	29
468	20
469	15
470	17
471	2
472	20
473	0
474	2
475	48
476	102
477	3
478	37
479	69
480	4
481	32
482	6
483	19
484	15
485	4
486	8
487	16
488	22
489	21
490	62
491	5
492	40
493	13
494	164
495	164
496	20
497	9
498	6
499	2
500	16


input.xvsmmain.gz

451	25
452	23
453	105
454	154
455	13
456	6
457	57
458	21
459	21
460	54
461	5
462	23
463	43
464	1
465	30
466	2
467	50
468	8
469	15
470	17
471	5
472	9
473	0
474	18
475	9
476	94
477	3
478	40
479	11
480	10
481	32
482	3
483	13
484	3
485	4
486	8
487	16
488	27
489	19
490	29
491	5
492	39
493	23
494	177
495	54
496	20
497	9
498	6
499	3
500	41


input.xvsmman.gz

451	14
452	105
453	12
454	146
455	23
456	10
457	19
458	13
459	20
460	55
461	5
462	16
463	95
464	1
465	40
466	2
467	3
468	8
469	8
470	1
471	7
472	11
473	0
474	21
475	34
476	94
477	0
478	99
479	65
480	3
481	29
482	4
483	6
484	3
485	4
486	4
487	14
488	27
489	18
490	44
491	3
492	37
493	26
494	192
495	79
496	11
497	9
498	6
499	3
500	59


input.xvsmtdn.gz

451	25
452	23
453	104
454	154
455	13
456	9
457	57
458	21
459	21
460	54
461	5
462	23
463	44
464	0
465	37
466	3
467	55
468	8
469	11
470	17
471	5
472	9
473	0
474	16
475	8
476	94
477	3
478	38
479	11
480	10
481	32
482	3
483	13
484	3
485	4
486	8
487	14
488	27
489	20
490	29
491	7
492	39
493	30
494	197
495	39
496	20
497	9
498	6
499	3
500	41


input.xvsmtitle.gz

451	25
452	23
453	95
454	154
455	10
456	6
457	57
458	14
459	21
460	52
461	5
462	23
463	0
464	0
465	7
466	3
467	53
468	8
469	15
470	17
471	5
472	9
473	0
474	2
475	23
476	94
477	3
478	27
479	11
480	6
481	32
482	3
483	14
484	3
485	4
486	8
487	0
488	27
489	18
490	29
491	5
492	37
493	20
494	149
495	17
496	20
497	9
498	6
499	3
500	41


