input.acsys9mw0.gz

451	7.16695378833
452	4.56968671275
453	4.1729010429
454	7.07347732098
455	1.89596020639
456	1.06717413466
457	3.09998639548
458	1.40889649448
459	4.1292018329
460	1.25150488284
461	2.33120013164
462	2.63239406605
463	5.95462279739
464	2.08
465	6.58836513962
466	2.512
467	5.23577961565
468	6.48510251827
469	4.95936002222
470	2.81353504605
471	1.22112921505
472	0.325564660996
473	0.0549755813888
474	1.54392058167
475	2.38469857166
476	4.24565424134
477	0.00101412048018
478	4.57838557009
479	5.13674835605
480	0.111335126106
481	4.85984677941
482	1.74776279257e-07
483	2.52559027791
484	1.65836659171
485	2.88
486	3.803795456
487	4.13822825135
488	0.0662994667745
489	2.4446471082
490	1.44361040192
491	3.08622747706
492	6.6165260006
493	3.58728635332
494	2.93073087637
495	0.38755798308
496	3.07084963347
497	0.189803262145
498	1.09633265589
499	0
500	0.853152403349


input.apl9all.gz

451	6.41290941973
452	4.76931456623
453	6.79802216052
454	7.20927280526
455	2.95067431544
456	0.00126592384506
457	0.98097209321
458	0.194241703933
459	3.95152741795
460	0.0937843423116
461	1.51208507059
462	2.00757450644
463	4.20675601731
464	0.512028661541
465	2.66052988513
466	1.28000013164
467	4.00837605404
468	0.0731541092661
469	5.90414989438
470	0.0111576658707
471	2.00016989494
472	2.88152406025
473	0
474	0.000324518871945
475	0.983733009427
476	1.23145605727
477	0.00755578637833
478	3.03882061416
479	3.71544106679
480	0.297714517214
481	1.14212664044
482	0.272755395123
483	2.21248805762
484	0.716049006315
485	2.304
486	4.828288
487	3.32143033684
488	0.0808084266524
489	0.897107110189
490	2.50305352425
491	2.64101412048
492	6.56895195703
493	3.56993779531
494	5.99239452506
495	1.66003412541
496	3.7510662609
497	0.995919990529
498	1.11066721812
499	0.530014398509
500	0.266192455534


input.apl9lt.gz

451	1.41298235285
452	1.00975399618
453	0.256283949165
454	0.131337437906
455	2.49909090599
456	6.63231703707e-36
457	2.44541917551
458	0.000634017552347
459	0.465374040093
460	2.13131525319
461	1.58071947674
462	0.656248185003
463	5.48041595476e-49
464	2.76069855561e-08
465	0.0687214383304
466	1.25542034708e-06
467	0.917749578037
468	0.0184467568992
469	3.28183588008
470	9.63655343633e-06
471	0.0360292002712
472	2.75178853694
473	2.03736779755e-79
474	8.48053292791e-52
475	0.34682634218
476	0.0476045965885
477	1.65264935688e-13
478	5.98631070651e-06
479	2.53881975662
480	1.29963788962e-57
481	0.191621044834
482	0.00126765060023
483	2.26975595754
484	5.42754126116e-52
485	2.304
486	0.531541796485
487	0.467057113417
488	0.0218181144543
489	0.146510287941
490	0.206005124194
491	3.96618008307e-57
492	5.47338471821
493	1.33499292039e-10
494	1.45550049715
495	1.98532440255e-41
496	0.0308992914733
497	1.77463716352
498	0.65536
499	0.0553000999425
500	0.0208091168996


input.apl9ltdn.gz

451	3.78183771119
452	2.85406038001
453	6.10637670042
454	3.0737860879
455	2.56762547296
456	1.23186758504
457	1.08707704187
458	0.00243936639583
459	3.85748678178
460	1.30269827446
461	1.11711958139
462	5.21663093443e-08
463	1.16083281122
464	0.00472236656693
465	1.41303848666
466	3.06499108173e-06
467	1.29581397724
468	8.71122860369e-05
469	5.1824826696
470	0.000333662007021
471	1.024
472	3.22586921137
473	0
474	9.61963041904e-13
475	1.10408150473
476	0.0918448518962
477	0.000108890357415
478	3.88247398743
479	3.15362639349
480	0.00126962903382
481	0.546115229102
482	0.0563499700883
483	2.1470483257
484	1.6463086063
485	0.24739011625
486	1.58556106418
487	1.29163511389
488	0.0652643196765
489	1.99642439465
490	0.924108431144
491	3.03628800152
492	5.93056508006
493	2.98199791754
494	0.152731122656
495	0.964113027732
496	1.96075645921
497	1.01449689089
498	1.448869888
499	0.170794474549
500	2.0035133787


input.apl9t.gz

451	4.49006610999
452	1.32183821191
453	0.558291310711
454	0.533514834851
455	2.50210159134
456	1.98548536473e-41
457	0.552166485105
458	0.00248794575182
459	1.07883215882
460	1.16184715461e-09
461	1.26218755614
462	0.526683786445
463	3.44011285002e-55
464	2.57110104801e-07
465	0.0180372344732
466	5.98631070651e-06
467	2.9163731703
468	0.000418405983139
469	2.28773163827
470	0.000507060247661
471	0.13743945564
472	2.47079721838
473	1.51795729812e-78
474	6.07815329157e-63
475	1.15520835085
476	0.174425820911
477	8.66419352392e-11
478	3.79427518013e-09
479	3.27002482901
480	5.48041595476e-49
481	0.722438862641
482	0.00158456325149
483	2.28078912467
484	7.22720919522e-59
485	2.304
486	4.37436874418
487	0.359616540482
488	0.0284617334732
489	0.0692051269911
490	0.539662090724
491	1.13823786181e-52
492	5.36045319297
493	2.45201036339e-06
494	1.90026105967
495	8.88808655165e-43
496	0.327618426177
497	2.45441151964
498	1.28
499	0.645902958104
500	0.139836025196


input.apl9td.gz

451	5.87583330619
452	4.75922912974
453	6.84780878227
454	6.64933809121
455	2.69840569066
456	0
457	0.945309323011
458	0.18122745221
459	3.13318137231
460	0.00255144581736
461	1.51206805647
462	3.36978942197
463	4.27782602627
464	0.167794963044
465	1.82820616693
466	0.0288230915351
467	3.7067618547
468	0.174584056929
469	5.90400000001
470	0.0111565938848
471	2.00002421636
472	2.97094189193
473	0
474	0.000166153503143
475	1.32862938419
476	1.22400374084
477	0.00126765064295
478	3.44328218251
479	3.6140828062
480	0.58085240295
481	1.18733846335
482	0.360959716884
483	2.27353000598
484	0.0233103091239
485	3.6
486	5.148288
487	2.97588379349
488	0.0639935716357
489	0.521024184275
490	1.97509664441
491	2.24000245199
492	6.34213283368
493	2.3143184593
494	3.81131966602
495	2.03263226214
496	3.15139679977
497	1.54382147685
498	0.886810289406
499	0.517902958104
500	0.13979223085


input.apl9tdn.gz

451	5.50796798358
452	4.01915050357
453	7.32595328419
454	7.13685431036
455	2.95758057116
456	1.72466407324
457	0.807843903897
458	0.00310851387958
459	4.67682423547
460	0.532801056863
461	0.902187556143
462	1.50742270159e-08
463	1.76640886198
464	0.0180144014753
465	3.98360531648
466	2.28359630833e-05
467	3.70861413113
468	1.00446761018e-06
469	4.99179176332
470	0.000133716957348
471	2.0
472	2.87803760987
473	0
474	2.34854258277e-12
475	2.37871194103
476	0.530194364925
477	0.0184467440737
478	3.89053977568
479	3.71647918075
480	0.0412181077922
481	0.49511538898
482	0.176627405609
483	2.16769285524
484	0.9570893824
485	0.75497472
486	4.1186304
487	2.2801533551
488	0.0966953982186
489	1.23679695597
490	3.34101089467
491	2.8553821901
492	5.96319168614
493	4.22339769814
494	2.63269497299
495	1.55194018471
496	4.35980967406
497	0.108039473635
498	1.6187392
499	0.854975581389
500	0.704072910356


input.att0010gb.gz

451	6.84926555829
452	4.28361706618
453	3.68865726947
454	2.64059324671
455	2.04040050368
456	5.98008216633e-22
457	2.60285783607
458	0.0296921605831
459	5.5687256913
460	0.59089969498
461	3.24
462	2.51122239674
463	0
464	0
465	9.94943121396e-07
466	1.60000000371
467	1.41984213179
468	0.0795922215268
469	1.73743895347
470	0.34291682077
471	0.000416621655916
472	1.00382146705
473	0
474	1.64550455732e-07
475	0.874057715413
476	2.21621322481
477	0
478	0.00106099545638
479	1.33963996252
480	3.09213362682e-88
481	2.98724713294
482	0.0235499812988
483	0.0111726440279
484	1.37952478511
485	0.9437184
486	5.148435456
487	0
488	0.598329275099
489	0.0360287973373
490	1.94117441905
491	4.97827582089e-10
492	5.00942569655
493	1.54767711558e-72
494	4.25017624746
495	2.18712573429
496	2.84991574883
497	2.39790087844
498	1.6
499	0.345694398509
500	0.40427283381


input.att0010gbe.gz

451	6.64361907031
452	6.54168251287
453	5.82250205411
454	5.24908951036
455	2.87425930234
456	0.266866366687
457	0.00130782699332
458	0.00247934969695
459	6.28645032817
460	2.10125748514
461	2.792
462	1.74910652421
463	0
464	0
465	0.000490718783806
466	2.3041651153e-05
467	2.9490893101
468	3.0121022936e-14
469	1.146749308e-11
470	0.105548252557
471	0.0450359962737
472	1.00925884566
473	0
474	2.06365051225e-29
475	2.20868256125
476	1.84662574899
477	1.25542034708e-06
478	0.00242025747133
479	1.06784540699
480	1.14555615674e-27
481	4.34433215043
482	0.00617946849029
483	4.28603442875e-33
484	9.52814987351e-37
485	1.179648
486	2.9694926848
487	0
488	2.86392945973
489	0.0180402233844
490	0.601250068169
491	0
492	4.98581882341
493	3.19124845882e-41
494	7.14347297219
495	1.26206338793
496	4.38278720514
497	2.11174648236
498	1.28
499	0.80777216
500	0.959416785678


input.att0010gbl.gz

451	6.72319581851
452	4.1449785259
453	1.94842085104
454	2.64059899548
455	2.53936566631
456	0.000207691874342
457	2.570229333
458	0.0296921605831
459	5.14420831693
460	0.455113641846
461	3.24040564819
462	2.70109017382
463	0
464	0
465	2.18725072478e-11
466	0.524288011308
467	1.41984213179
468	1.25635863983
469	1.41743895347
470	0.34291682077
471	0.0126058950068
472	1.00018628334
473	0
474	1.09836762574e-17
475	0.874057715413
476	2.23981885312
477	0
478	0.336905318005
479	2.44928167984
480	7.94889263258e-26
481	3.62967511509
482	0.0536855613412
483	0.00137280193345
484	0.554155426328
485	1.47456
486	5.53536
487	0
488	0.273929737957
489	0.21525542504
490	2.74517021158
491	0.128493326868
492	5.19051371589
493	0
494	3.90187158893
495	1.48580887864
496	2.84991574883
497	2.39790087844
498	1.6
499	0.774217728
500	0.524396616104


input.att0010gbt.gz

451	5.07031019351
452	3.27665200991
453	3.69532203149
454	1.87710648597
455	2.17078850547
456	2.63006795077e-23
457	3.85023283986
458	0.0193183102838
459	5.35556431443
460	0.0358697482431
461	2.664
462	2.63637407945
463	0
464	0
465	4.35561430082e-05
466	1.6
467	1.41984213179
468	0.0203810311747
469	1.73743895347
470	0.22495202077
471	0.655360000001
472	1.00000010531
473	0
474	4.27197407184e-11
475	0.874057715413
476	2.13285973767
477	0
478	0.489430108082
479	0.571244574999
480	2.47370690146e-88
481	1.29080667604
482	0.274845488616
483	0.0180144614535
484	1.30361982809
485	1.179648
486	4.943488
487	0
488	1.14822010481
489	0.536095002322
490	0.139313905762
491	4.97726712953e-10
492	4.41074012627
493	4.05714269785e-73
494	4.75947709608
495	1.1039176732
496	3.43651704456
497	1.00146549576
498	0.00755578637259
499	0.7473741824
500	0.170694458429


input.att0010glf.gz

451	5.70827504224
452	3.37190631677
453	2.47631708976
454	2.18143807984
455	2.67327209339
456	0.00107542262316
457	2.49553926769
458	0.135876276326
459	5.13233104295
460	0.107409118117
461	2.82400239452
462	2.32259604271
463	0
464	0
465	5.02168138831e-07
466	0.524288009046
467	1.41984213179
468	0.409012470248
469	1.41743895347
470	0.183008929377
471	1.6000000171
472	0.327944291678
473	0
474	1.16798479814e-21
475	0.874057715413
476	1.66389673302
477	0
478	0.730527790524
479	1.35935600744
480	4.36994993873e-27
481	1.90623069364
482	0.259300631603
483	0.0858999275492
484	0.436532134554
485	0.9437184
486	5.6992
487	0
488	1.00447608433
489	0.036704875037
490	1.32555642991
491	0.0963094780313
492	4.72761737692
493	0
494	3.27396111024
495	0.617820399465
496	3.43291966519
497	0.800453644481
498	0.33554432
499	0.83968
500	0.2688179095


input.att0010glv.gz

451	6.52815596818
452	4.41121797225
453	2.47631708976
454	2.64155012376
455	2.56046391793
456	4.01734511065e-07
457	2.72724355046
458	0.135876276326
459	5.37791406819
460	0.107409118117
461	3.08000010531
462	2.66846823668
463	0
464	0
465	5.02168138831e-07
466	1.60000000724
467	1.41984213179
468	0.35832193298
469	1.73743895347
470	0.183008929377
471	0.419430933375
472	1.00005548092
473	0
474	3.97858589128e-10
475	0.874057715413
476	1.79179043901
477	0
478	0.730527790524
479	1.34013949514
480	2.69038741506e-39
481	2.82783144414
482	0.0300446433033
483	0.0687642923141
484	1.34292301763
485	1.179648
486	5.404288
487	0
488	0.642372029695
489	0.036704875037
490	2.08185538777
491	0.00730040973352
492	4.47880050186
493	0
494	3.27396111024
495	1.63946837262
496	3.43291966519
497	0.800453644481
498	0.65536
499	0.589824
500	0.227321210641


input.CWI0000.gz

451	0.08589934592
452	3.19692279807
453	0.463162855892
454	2.61160365491
455	0.8
456	1.08777060929e-20
457	0.259256316616
458	3.79427518243e-09
459	0.937900688666
460	0.358024754772
461	0
462	2.76117247799e-08
463	0
464	0
465	0.0108803323765
466	0
467	0.134217728205
468	3.84384861635e-28
469	1.48856570736e-15
470	0.209750045536
471	3.16253520793e-35
472	0.00600929634336
473	0
474	1.81665697405e-10
475	0
476	1.47878441534
477	0
478	1.00000000905
479	2.24291157455
480	1.61392740234e-13
481	0.0462683991442
482	2.64494950114e-07
483	7.31144379922e-06
484	0
485	0
486	0
487	0
488	0.036566653881
489	0.409865846221
490	0.815017306293
491	1.024
492	0.81443381956
493	3.25925756318e-10
494	0.427373572664
495	0.000200863543077
496	0.409651562534
497	0.0351843720888
498	0
499	0
500	0.392670008801


input.isnnwt.gz

451	3.6
452	1.05658906227e-29
453	0.86135566338
454	2.512
455	0
456	0.08589934592
457	1
458	0.0619948636205
459	0
460	0.00472821248942
461	1.024
462	1.4096
463	0
464	0
465	0.000633825300115
466	0
467	0.000792281625143
468	0
469	0
470	0
471	0.524288
472	1
473	0
474	0
475	0
476	0
477	0
478	0.64000374356
479	0
480	0
481	1.28
482	0
483	0
484	0
485	1.44624423983e-06
486	0.69608669184
487	0
488	4.57845314408e-11
489	0.2097152
490	0
491	2
492	2.19162373955
493	0
494	3.63884955547
495	0
496	3.4897152
497	6.80564733842e-05
498	0
499	1
500	1.00000000016


input.iswt.gz

451	0.000519229685853
452	0.00472236648287
453	1.75723407871
454	4.81878504212
455	1.09763467674
456	0.00922337203685
457	0.800314696164
458	0.105954662212
459	0
460	0.0225402988821
461	5.52139707743e-08
462	1.94365860099
463	0
464	0
465	1.73291969571e-14
466	0
467	0.0793534254352
468	0
469	0
470	0
471	0.524288
472	0.0225179981369
473	0
474	4.63244691758e-78
475	2
476	1.24928
477	0
478	0.410135061929
479	0
480	1.8133175306e-46
481	1.6896
482	1.32073632784e-29
483	1.60000000003
484	2.18043055959e-58
485	5.00723169749e-36
486	1.6
487	0
488	4.9933118297e-10
489	0.91085337576
490	1.66727515334e-95
491	2
492	4.50214400005
493	0
494	3.27563721181
495	1.78435022874e-74
496	1.92768
497	0.000133008020746
498	7.84637716923e-07
499	1
500	3.18286871303e-10


input.iswtd.gz

451	0.014757395259
452	2.55939011625
453	0.771571345856
454	4.72152731146
455	1.09763467674
456	0.00737869762948
457	2.06231022593
458	1.00265115058
459	0
460	0.00377852089647
461	2.024
462	1.47968
463	0
464	0
465	4.97323237165e-10
466	0
467	1.04806298763
468	0
469	0
470	0
471	0.524288
472	2.79676796079e-27
473	0
474	1.12007477418e-80
475	2
476	0.9216
477	0
478	0.262144000437
479	1.07339762555e-83
480	7.42734860534e-47
481	1.6896
482	0
483	1.0
484	0.8
485	1.76176303179e-37
486	1.65629499534
487	1.99417636054
488	1.52383783865e-09
489	0.907407083472
490	2.37180827832e-78
491	2
492	2.54001463951
493	0.873941340458
494	3.67417401682
495	7.19077253945e-34
496	4.24
497	0
498	1.07727583264e-23
499	1
500	0.640000000004


input.iswtdn.gz

451	2.61326596964e-48
452	0.409607307508
453	0.441947183083
454	2.00123794004
455	1.09763467674
456	0.00922337203685
457	0
458	0.00166384822789
459	0
460	0.00302294225921
461	1.00944473297
462	3.49009433522e-42
463	0
464	0
465	1.86075900497e-15
466	0
467	2.65962986892e-16
468	0
469	0
470	1.89744662266e-78
471	0.524288
472	4.36994993873e-27
473	1.55762789824e-47
474	1.48396550922e-62
475	2
476	0.965580465111
477	0.000811296384146
478	0.327680000853
479	4.54348201289e-84
480	1.32944451923e-73
481	1.6896
482	0
483	3.624
484	0.8
485	1.47456
486	1.28
487	3.11590056334
488	0.00262554351358
489	0.907443228082
490	0
491	2
492	2
493	1.43921657425
494	0
495	0
496	2.917504
497	1.8
498	0
499	1
500	0.800550616477


input.jscbt9wcl1.gz

451	6.69472250704
452	2.70729946354
453	2.09436102461
454	6.19573316354
455	1.95002290336
456	0.518594133066
457	0.808468328264
458	2.31735586506
459	1.7259290781
460	0.117969667707
461	2.46403484491
462	0.20988598852
463	2.00921231807
464	1.90858068651
465	6.62881337172
466	1.30251799814
467	1.925929091
468	0.825547184352
469	6.06415846185
470	2.4971178264
471	2.0
472	0.896806143772
473	1.62962878107e-10
474	0.0871568691598
475	0.546895078592
476	3.90256259082
477	2.85449538541e-05
478	4.24520244478
479	4.18501331
480	2.52589960303
481	4.1719650396
482	0.640014415833
483	1.41153706831
484	0.729017805481
485	2.304
486	5.404288
487	1.28940446969
488	1.4339915046
489	1.6612747224
490	4.74443565619
491	2.31685750373
492	6.58139901511
493	0.225953145163
494	5.88908577974
495	0.878247952273
496	5.26238556151
497	0.0180654821488
498	2.81952478511
499	0.800027875931
500	1.39752387181


input.jscbt9wcs1.gz

451	7.61236965478
452	1.3262929249
453	0.00294483558468
454	7.4718207282
455	4.42537756475
456	6.33808503417e-07
457	0.914223143404
458	3.47993514888e-14
459	3.71267903547
460	0.00603315767762
461	2.45960564819
462	2.58853411171
463	0
464	0
465	1.38680452487e-14
466	1.02400010531
467	1.41097773605
468	0.0188937925436
469	4.95936000001
470	1.47840008261
471	0.4194304
472	1.05312292261e-07
473	4.86252263326e-63
474	0.0225179981369
475	0.370597026674
476	1.34321612092
477	3.33400721644e-26
478	4.62206909662e-40
479	4.2640175156
480	0.0474621714715
481	4.88263029874
482	0.0550191757372
483	0.0570345593712
484	6.59557321497e-07
485	3.6
486	5.404288
487	2.03568420103e-10
488	0.012017158163
489	0.330116928261
490	4.40874585229
491	0.000324518553668
492	6.46929209519
493	0.000265845599157
494	8.23585541833
495	3.24622354473
496	2.71649187802
497	0.428271832117
498	1.91799138714
499	0.800405648192
500	0.0976049281562


input.jscbt9wll1.gz

451	7.36536225181
452	2.72287946528
453	2.2111066605
454	6.19544890178
455	2.01769973825
456	0.518702807008
457	0.807597913682
458	2.30638558283
459	1.72592844304
460	0.116346299196
461	2.25930633824
462	0.209885053159
463	1.76700694943
464	1.91049584971
465	6.62881375455
466	1.62251799814
467	1.92728369656
468	0.773465599134
469	6.07875012465
470	2.46505620551
471	2.0
472	0.754718499722
473	4.63168356949e-09
474	0.0916152624422
475	2.92255852872
476	3.97939549759
477	2.45199286539e-06
478	6.85963577208e-05
479	4.09252419534
480	2.54737434695
481	4.35801952704
482	0.800011653705
483	1.41153695661
484	0.880077139185
485	2.304
486	5.404288
487	1.23062827049
488	3.14116011687
489	1.62446746672
490	4.87996071401
491	2.21461730212
492	6.52068675878
493	1.29908736
494	5.77423281001
495	0.797902556069
496	4.77008236587
497	0.265325034603
498	2.81952478511
499	0.800068056473
500	0.822961175606


input.jscbt9wll2.gz

451	6.92130101487
452	6.00744926122
453	2.13648593519
454	7.62544381053
455	1.896715405
456	0.873164993405
457	0.812467581525
458	0.599850101406
459	2.2152109061
460	0.127381514682
461	2.25925444518
462	0.231034171605
463	2.33617921311
464	2.15384627077
465	4.44126678475
466	1.63518437209
467	2.69558293604
468	0.752070279046
469	5.73013286276
470	3.21322316444
471	2.0
472	1.06919720939
473	1.73291855883e-14
474	0.00931297894322
475	4.5038098305
476	4.0199183431
477	1.00433627769e-06
478	3.1825169206
479	4.02391118103
480	2.14209151881
481	4.2327342977
482	0.640674796286
483	0.936566924764
484	0.885171424337
485	2.304
486	5.53536
487	3.45795443621
488	1.25625605579
489	2.13973079369
490	5.17251831995
491	2.45210945628
492	6.20405039767
493	0.820008809451
494	5.71904164241
495	1.44775913459
496	4.6772107655
497	0.281050051497
498	2.74361982809
499	0.800166153499
500	1.51143715295


input.jscbt9wls1.gz

451	7.44141479424
452	1.3238873384
453	0.00261088488984
454	7.92134693632
455	4.45497531084
456	6.33808503417e-07
457	0.914862490046
458	1.8927204202e-56
459	3.71267903569
460	0.010237835854
461	2.16552594004
462	2.76237351372
463	0
464	0
465	1.20861839402e-15
466	1.02400010531
467	1.45908839376
468	0.0291409148166
469	4.95936000001
470	1.76733786807
471	0.4194304
472	0.585759127154
473	8.23743375428e-61
474	0.0144115188076
475	0.647268264899
476	0.947043029143
477	1.58977852652e-25
478	1.76328502701e-39
479	3.99917610455
480	0.0593277143394
481	4.89896410574
482	0.0550191963313
483	0.0580296463438
484	6.57089877668e-07
485	3.6
486	5.404288
487	1.62873201121e-10
488	0.128916139846
489	0.330606960695
490	4.51597915519
491	0.000633825300149
492	6.36004383142
493	0.000332306998946
494	7.86290510288
495	3.39393887449
496	2.77375823666
497	0.640046295361
498	1.90424749179
499	0.8006338253
500	0.0977302806615


input.jscbt9wls2.gz

451	7.40344112155
452	1.50770550261
453	4.96620370015
454	1.80525955495
455	4.40922083856
456	1.05497558382
457	0.982438902132
458	1.98301929277e-06
459	0.0465024791836
460	0.00384277945935
461	1.96583542505
462	1.87694085757
463	0
464	0
465	3.05061786369e-13
466	1.6000000674
467	1.95906412413
468	0.186597895602
469	4.95936000072
470	2.31513627619
471	0.8192
472	0.686807461347
473	0
474	1.92192430817e-28
475	2.10896949163e-10
476	1.18329866721
477	2.13314253255e-28
478	0.00247588159628
479	4.14692955432
480	1.51771007205e-09
481	4.59051626324
482	0.262779923166
483	0.0288230388294
484	8.73176305096e-05
485	3.6
486	5.404288
487	0.0252695914666
488	0.0554650142779
489	0.280959814538
490	4.95290236294
491	0.000106338239878
492	3.71840227699
493	0
494	1.50042181511
495	2.9325613992
496	4.86891299728
497	0.00272696468224
498	1.77526341632
499	0.800207691874
500	0.0132784232512


input.Mer9Wt0.gz

451	2.00000001413
452	0.775208107639
453	4.63117623559
454	3.38839708345
455	0
456	0
457	0.0180694140333
458	1.51087580442
459	0.51210190702
460	1.065601924
461	2.824
462	0
463	0
464	0
465	4.31359146675e-08
466	2.4096
467	4.17345912541
468	2.00000001004
469	1.6000000076
470	1.76777483436
471	2.33353910419e-37
472	0
473	0
474	0
475	0.262144
476	1.50479658706
477	0
478	0.000406941843503
479	0.305262935274
480	0
481	3.97858589128e-10
482	0
483	0.00755579824128
484	0.708719476736
485	3.6
486	3.60755578638
487	2.45442746775
488	0.00744675410287
489	0.165528063702
490	2.95605799773
491	0.0115385907421
492	0
493	0
494	2.5275855401
495	0.409614774645
496	3.4087355234
497	1.902144
498	0
499	0
500	0.512


input.Mer9Wt1.gz

451	0.000324518553658
452	0.136635712568
453	2.95866083252
454	1.97959740556
455	0
456	0
457	0.0107129201177
458	1.8562988042
459	0.155793506356
460	0
461	0
462	0
463	0
464	0
465	0
466	0
467	0.828148282309
468	0.819214615022
469	0
470	0
471	5.80865979874e-31
472	0
473	0
474	0
475	2.39452428978e-06
476	3.11577789319
477	0
478	1.62233646555
479	0.32768
480	2.64740913736e-67
481	0
482	0
483	0.0879609302221
484	0
485	0
486	0
487	1.80000000579
488	0.00377790223255
489	1.4096
490	0.0115329564903
491	0.1073741824
492	0
493	0
494	5.45373382295
495	1.00472236648
496	2.54629497042e-10
497	0
498	0
499	0
500	0.2097152


input.Mer9WtdMr.gz

451	0.4096
452	1.72343973196
453	2.29069012585
454	1.31210634195
455	0
456	0
457	0.0146963319924
458	2.07771151355
459	0.0917073793038
460	0
461	0
462	0
463	2.58412796278
464	0
465	0.000633825300114
466	0
467	0.377493206007
468	1.02403570328
469	8.31285440018e-17
470	0
471	1.73291855883e-14
472	0
473	0
474	0.000106338239663
475	0.962349763789
476	3.312
477	0
478	2.28574039626
479	0.32768
480	9.40548665569e-66
481	0
482	0
483	1.6
484	0
485	0
486	0
487	1.9073741824
488	0.0144115188743
489	1.8
490	0.835184372089
491	2.28
492	2.58224987809e-13
493	0
494	0.864340647599
495	1.32768000002
496	1.28287668946e-38
497	0
498	0
499	0
500	0.32768


input.Mer9Wtnd.gz

451	3.4508731734e-08
452	0.804722366483
453	2.56133178973
454	1.44046009337
455	0
456	0
457	0.0241872681534
458	2.83386335508
459	0.130216699092
460	0
461	0
462	0
463	2.7148263424
464	6.36014996847e-95
465	1
466	0
467	0.264561852611
468	1.02400246354
469	0
470	0
471	1.74980057983e-11
472	0
473	0
474	0.000633825300114
475	1.41432236648
476	3.312
477	0
478	2.81334308922
479	0.32768
480	1.63499238157e-32
481	0
482	0
483	0.4194304
484	0
485	0
486	0
487	2.0097152
488	0.774144
489	0.5373952
490	0.662517998137
491	2.28
492	5.14220174163e-07
493	0
494	2.39052054442
495	0.00738028404492
496	0
497	0
498	0
499	0
500	0.64


input.NEnm.gz

451	6.71717740007
452	5.02830271887
453	4.74731053633
454	4.04855750884
455	3.67559482111
456	1.29767670783
457	0.256378647018
458	0.943263328508
459	2.26733459867
460	2.76156902665
461	3.08000004314
462	1.24964098222
463	2.05487604916
464	0.0351843720888
465	2.58666859146
466	1.60004355614
467	5.19639923397
468	0.00389224933726
469	3.843532307
470	1.72352985671
471	2.00000099493
472	0.803433179249
473	7.03069787692e-87
474	0.933218506888
475	1.86125093397
476	3.6204828825
477	0.00944473374281
478	5.1121627813
479	4.00531320069
480	1.97272610388
481	2.86602843737
482	0.421902697073
483	1.93468663155
484	0.823063465946
485	3.6
486	4.75456
487	4.64205613105
488	4.0555436351
489	3.46027672647
490	4.69399338618
491	3.3244209228
492	4.60082405112
493	2.62210467767
494	6.87524644457
495	0.838759584364
496	4.29266448293
497	1.96777556074
498	1.22521982999
499	1.152
500	2.08308532762


input.NEnmLpas.gz

451	6.57647568235
452	5.01816961971
453	4.66996838993
454	4.01452366571
455	3.60904687984
456	1.33251332179
457	0.222018908648
458	0.943263331335
459	2.26733459867
460	2.81584250106
461	3.08000004314
462	1.33229887766
463	1.69801511879
464	0.0351843720888
465	2.47197020133
466	1.60004355614
467	5.18856057808
468	0.00389224933726
469	3.843532307
470	1.72352985671
471	2.00000099493
472	0.803433179249
473	7.03069787692e-87
474	0.933218506889
475	1.84257588919
476	3.6094841981
477	0.014757396036
478	5.08623038192
479	4.00531320069
480	1.97272610388
481	2.86602843737
482	0.338016617073
483	1.93238078854
484	0.823063465946
485	3.6
486	4.623488
487	4.60013725025
488	4.0458518887
489	3.46027682691
490	4.65533868052
491	3.3244209228
492	4.60082405112
493	2.62210467767
494	6.87524644899
495	0.838759584239
496	4.29266448293
497	2.00971860074
498	1.20804985641
499	1.152
500	2.08470662349


input.NENRtm.gz

451	7.72429624966
452	3.27550260886
453	0.826028091108
454	8.71208584544
455	3.29372167111
456	4.49892472265e-18
457	0.00275513254079
458	0.000584918034302
459	1.07369474173
460	0.000795274837488
461	2.32428810531
462	1.38381531405
463	0
464	1.02293456497e-16
465	0.00377789373702
466	0.655360784638
467	5.06760785067
468	0.000280519816186
469	0.0601256995263
470	1.36631223622
471	0.011811762532
472	0.723211740812
473	0
474	0.829167614177
475	0.710253186557
476	1.88050657997
477	8.29901325615e-05
478	8.5887456913e-05
479	1.6915404712
480	0.00130599651984
481	2.78075209071
482	0.114682828198
483	2.50889453498
484	2.69265638998
485	3.6
486	4.828288
487	1.27302854677
488	2.75657506593
489	9.66134380754e-19
490	0.740694585994
491	1.29152921505
492	2.06591344599
493	5.64215147587e-40
494	2.32504384423
495	2.11666567092e-05
496	2.28009292626
497	2.05114742519
498	1.28130900734
499	0.72589934592
500	0.0255946843978


input.NENRtmLpas.gz

451	7.72998850228
452	3.27552387651
453	0.826028091108
454	8.70307864693
455	3.26018656646
456	4.49892472265e-18
457	0.0027551325402
458	0.000584918034302
459	1.07369474173
460	0.000795274837488
461	2.32428810531
462	1.38381531405
463	0
464	1.02293456497e-16
465	0.00377789373702
466	0.655360784638
467	5.09327080465
468	0.000280519816186
469	0.0601256995263
470	1.34913236704
471	0.00945057929058
472	0.731318220141
473	0
474	0.829167614177
475	0.700252623801
476	1.8579665916
477	8.29901325615e-05
478	8.5887456913e-05
479	1.6915404712
480	0.00130599651984
481	2.78075209071
482	0.114682828198
483	2.34095853498
484	2.69265638998
485	3.6
486	4.828288
487	1.13109071813
488	2.75657506593
489	9.66134380754e-19
490	0.740694585994
491	1.29152921505
492	2.00371935451
493	7.05268931294e-40
494	2.32430404603
495	2.11666567092e-05
496	2.27861718673
497	2.05114742519
498	1.28130900734
499	0.708719476736
500	0.0255946843978


input.NEtm.gz

451	7.70790754488
452	3.52340025836
453	0.809362500958
454	8.97812129362
455	3.40324861445
456	2.05690200677e-07
457	0.00540287316841
458	0.00120894201457
459	1.12230265038
460	0.0116143239194
461	2.45536000062
462	1.42792629525
463	0
464	2.68156158599e-17
465	0.00302231484237
466	1.28000078464
467	5.04772659103
468	0.000288213747233
469	0.0450736390606
470	1.3877564917
471	0.018450486295
472	0.7260460349
473	0
474	0.854509596262
475	0.470760862724
476	2.27534601067
477	0.000417377590676
478	0.000107604223194
479	1.43183786044
480	0.000328259997851
481	2.56541397286
482	0.280019116846
483	2.59889046479
484	2.73966829451
485	3.6
486	4.828288
487	1.26274804733
488	2.74156059097
489	4.51842233393e-24
490	0.73118927386
491	1.29152921505
492	2.24696198668
493	5.64215134827e-40
494	2.28183709259
495	1.47312937343e-06
496	2.24101253973
497	2.05337789321
498	1.28036128488
499	0.88589934592
500	0.0316983490833


input.NRKlm.gz

451	5.86169793074
452	4.86908785832
453	4.63577411464
454	2.19546451171
455	2.99351414163
456	2.00892527989
457	1.65790647914
458	0.81753283679
459	4.27680680663
460	0.532345247441
461	2.60768
462	0.0799635525121
463	4.31684073312
464	0.00123794003929
465	4.59623167936
466	2.262144
467	5.87842232231
468	0.278165888278
469	5.70091917735
470	0.804781537655
471	2.07212796278
472	1.19688263681
473	0
474	0.0760479555222
475	2.82632381227
476	1.395214107
477	0.0879609302221
478	2.78585316297
479	1.36805018173
480	0.809198372238
481	1.38178787147
482	0.222127405903
483	0.917813637122
484	0.679892770717
485	3.6
486	4.7234304
487	4.79293328714
488	0.142546633033
489	1.36700972882
490	2.65646542428
491	2.08922529253
492	5.8911989832
493	4.82112021044
494	5.44112888254
495	0.0184577930262
496	4.71701859408
497	0.0288878138764
498	0.280971216231
499	0.526411518808
500	0.936723512612


input.NRKprf20.gz

451	6.05112020684
452	5.20025052081
453	3.65900342242
454	1.87610762893
455	2.51535973686
456	3.64784403135
457	1.27868660042
458	2.82848036416
459	5.02749858239
460	0.61264035347
461	2.60000005392
462	0.0490516086905
463	4.30174346751
464	1.04639512421e-32
465	4.39575534617
466	1.92768
467	5.88463799733
468	0.000674727565786
469	5.70091917735
470	0.701628327771
471	2.00016693814
472	2.28643149081
473	0
474	0.253399910906
475	3.8497120866
476	1.87238585831
477	0.00247588007857
478	4.37943295961
479	1.82989051521
480	0.262277385601
481	0.97058805621
482	0.108642347179
483	0.879724485037
484	0.0779445869565
485	2.88
486	4.45983232
487	4.59302953459
488	0.963829390732
489	1.43630315861
490	3.54219460155
491	2.29149228996
492	5.88632912725
493	4.65019945053
494	5.90917058524
495	0.349425686355
496	3.2237104678
497	1.00523036776
498	0.762672334873
499	0.461897728
500	1.05488052676


input.NRKse10.gz

451	5.94452761877
452	1.97614004668
453	4.94873291179
454	4.56818920017
455	3.03056580175
456	1.45861206995
457	1.03694224898
458	0.878969950229
459	3.20369047801
460	0.344544356728
461	2.35168
462	0.0469660836447
463	5.10074606489
464	8.34931713225e-12
465	5.85458704567
466	1.92768
467	5.81572956494
468	0.0366641586089
469	5.69924361283
470	0.0936954073803
471	2.02954361356
472	1.06447475983
473	0
474	0.00115567543905
475	0.201420565591
476	1.30913076608
477	0.000519229685853
478	2.36098546905
479	2.04541560556
480	0.930553528364
481	1.25858929078
482	0.852100957308
483	1.05153361633
484	0.0144393951976
485	3.6
486	4.828288
487	4.74220117363
488	0.148072296235
489	1.88708569615
490	2.40374443146
491	2.26027319837
492	6.11823059485
493	4.15274961387
494	4.06867164871
495	1.02404823296
496	4.47731673336
497	0.0147382224783
498	0.0565158407312
499	0.675184372089
500	0.358942324702


input.NRKse20.gz

451	6.07580088242
452	0.630359652898
453	4.73068389672
454	2.47681993021
455	2.75060893126
456	1.38714969391
457	0.0233234971348
458	0.724713906211
459	1.41216350096
460	0.00279292970667
461	2.2337152
462	0.37707884316
463	4.94183613631
464	0.273271159279
465	5.94766870404
466	1.92768
467	5.81572902908
468	0.00776351277001
469	4.95936
470	0.0936954073803
471	2.11475288003
472	2.02593428131
473	0
474	0.00559384204204
475	0.736084267995
476	1.31304037077
477	5.57518629963e-05
478	2.0555331073e-05
479	2.02622363729
480	1.58699520004
481	1.23649493328
482	1.65536001131
483	1.20582940019
484	4.02381964909e-09
485	2.60532200784e-08
486	4.828288
487	4.8713261652
488	0.00603588158634
489	2.31216773388
490	0.014757395259
491	2.24646446352
492	6.03440891043
493	4.06635680937
494	3.50182099064
495	1.02587176534
496	4.47731673336
497	0.0147410510832
498	0.000649054776674
499	0.547184372089
500	0.172222773453


input.pir0Watd.gz

451	2.53896888865
452	1.94934804265
453	3.59104433122
454	7.22277304259
455	5.20967414632
456	3.94021948945e-13
457	1.34263061085
458	1.21204753856
459	0.256286865644
460	0.0907924484909
461	0.616676851101
462	0.114826116287
463	4.99218543704
464	3.166027994
465	7.16357707415
466	1.28001141798
467	0.643167755169
468	4.39043941141e-06
469	5.78645402468
470	2.42291663229
471	2.0
472	1.92488571913
473	3.62286167834e-62
474	6.4836181233e-20
475	1.06048035525
476	1.761429619
477	0.000332306998946
478	2.4150677441
479	3.04943097951
480	2.44154799462
481	3.30810645968
482	0.427642997971
483	1.3200898248
484	1.83545266975
485	0.24739011625
486	2.51036591621
487	2.77327806611
488	0.481178783069
489	0.474565042355
490	5.183241626
491	3.43880876469
492	5.44095908105
493	2.7643973579
494	4.64647753111
495	2.54037121428
496	1.51663848895
497	1.00005783242
498	1.09639561224
499	0.264690781389
500	0.774261908622


input.pir0Wt1.gz

451	5.18986624733
452	3.26616508605
453	3.13318978335
454	3.25002705341
455	3.17839872397
456	0
457	0.517460113975
458	1.45065662058e-46
459	0.992549641519
460	0.105711001382
461	0.523780048326
462	2.72674521563
463	0
464	0
465	0.00995389538812
466	1.28008507059
467	0.679882825535
468	4.03202873407e-07
469	5.69920153258
470	2.00474022609
471	0.8192
472	0.331825920462
473	0
474	0
475	0
476	0.440904008968
477	1.27182282121e-25
478	0.000170141184422
479	2.76073460156
480	0.333120166188
481	3.06459657586
482	0.0296949250917
483	2.74123097328
484	2.64315617066
485	3.6
486	2.09886008983
487	0
488	0.0941586601955
489	0.147006528411
490	5.23775709181
491	0.415514650148
492	6.8810325111
493	1.48856570736e-15
494	2.20278608817
495	2.33427062367
496	1.36149952602
497	0.409720430885
498	0.918354631382
499	0.68398046512
500	0.680229565781


input.pir0Wtd2.gz

451	1.58934512862
452	5.75172616606
453	3.51795011121
454	7.40403879033
455	5.18615362117
456	2.22543630999e-36
457	0.423131250373
458	1.12794294338
459	2.06721783728
460	0.000253575029264
461	0.616676851101
462	0.0667110524636
463	4.36807674683
464	3.43175338974
465	0.8
466	0.419430801735
467	1.14345186111
468	3.36906588432e-11
469	5.91746589097
470	2.05181940258
471	2.0
472	4.83913982874e-07
473	4.69296234955e-97
474	1.46865768252e-09
475	1.14819969872
476	1.7576548409
477	0.000136112946768
478	3.67822733065
479	3.03073340026
480	2.574217728
481	3.3229261396
482	0.990551669125
483	1.28850765109
484	1.84474882306
485	0.1583296744
486	2.52161843009
487	2.47607573155
488	0.136386517946
489	0.292614823426
490	4.63876737214
491	3.66123146312
492	6.14744449495
493	3.20063954652
494	3.51178077919
495	4.26809559479
496	1.02895756373
497	1.00001456218
498	3.26094500028
499	0.237862697671
500	0.362898489478


input.pir0WTTD.gz

451	0.755345422684
452	4.73652863602
453	4.70405577588
454	5.2312402297
455	2.28002842366
456	5.32886128367e-42
457	1.00472497844
458	0.004723029149
459	0.547875344138
460	0.00572999531497
461	0.64635394565
462	1.08528590968
463	1.16515606326
464	2.3445979221
465	0.20971521534
466	0.82313216
467	0.54974224342
468	9.45516583851e-10
469	3.69881304017
470	0.214759353073
471	0.036028797019
472	1.93992000555
473	1.68351767899e-92
474	2.23681450652e-05
475	0.0311702691063
476	0.0989674644851
477	0.000212676479326
478	2.06091322437
479	1.8927666512
480	1.20959440404
481	1.73782958151
482	5.70834900257e-05
483	1.87110429911
484	0.00646627064047
485	0.101330991616
486	0.151719391659
487	1.44378537143
488	0.646494564941
489	1.78045370918
490	2.826874891
491	0.276254820544
492	4.14275409351
493	2.91216748021
494	2.75888662546
495	2.81683323562
496	0.0657697519447
497	0.134626177344
498	0.0230613919816
499	0.00040564827551
500	0.353821228267


input.PuLongAuth.gz

451	4.7549716345
452	2.68160290364
453	3.83998175828
454	6.99525285111
455	3.54800803032
456	0
457	0.83635353988
458	2.95055212598e-42
459	0.13150630933
460	2.08312749545
461	1.45913789319
462	1.31578702757
463	2.43339363856
464	0.000405648192073
465	0.463410865111
466	1.6
467	0.196274718039
468	3.79808229394e-09
469	1.19085256589e-15
470	0.4096
471	0.000519283605747
472	0.512090959838
473	0
474	9.04625697167e-09
475	2.19082149348e-06
476	1.95555152085
477	0.0288230517499
478	0.814296134659
479	2.13023240664
480	2.15230993205e-39
481	2.3945288696e-06
482	1.01978734592
483	0.727762822253
484	0.00123794003929
485	3.79124250007e-07
486	2.17891446118
487	4.44935809715
488	0.0583919839186
489	0.305220247857
490	1.12171179971
491	0.000811296384146
492	2.11608866639
493	1.03215368092e-11
494	6.58999797806
495	3.6421668914
496	1.6896
497	1.29549934782
498	0.00247588007857
499	7.05268918534e-40
500	1.99212020993


input.PuLongBase.gz

451	4.75519482977
452	2.68163007118
453	3.93121382739
454	7.03056246089
455	3.30995758527
456	0
457	0.803113219273
458	9.17073929034e-42
459	0.163976268448
460	2.09460784281
461	1.46008236648
462	1.4419434157
463	3.01139926194
464	0.000633825300114
465	0.463410865111
466	1.6
467	0.576187191798
468	7.7905231082e-09
469	7.69570433523e-13
470	0.8
471	0.00158466856258
472	0.512091173775
473	0
474	9.04625697167e-09
475	3.00334209631e-06
476	2.03493970157
477	0.0360288191046
478	0.800568572969
479	2.13247750451
480	6.11723274928e-38
481	7.30753555046e-06
482	1.1436621824
483	1.47605667295
484	0.000792281625143
485	9.93851473938e-08
486	2.72364307648
487	4.35833841116
488	0.266866366483
489	0.433956964317
490	1.12221844021
491	0.00101412048018
492	2.26724056573
493	1.39425081686e-14
494	6.75138590311
495	3.82250502991
496	1.6896
497	0.829089396535
498	0.00483570327846
499	8.21041081256e-39
500	1.9169634882


input.PuLongWAuth.gz

451	4.75519508085
452	2.68163007118
453	3.83008119524
454	6.99550638125
455	3.30970989778
456	0
457	0.819232437957
458	9.17073929034e-42
459	0.163976268448
460	2.0513794287
461	1.45913789319
462	1.44196215724
463	3.0112408861
464	0.000507060240091
465	0.463410865111
466	1.6
467	0.566199070675
468	6.60481211441e-09
469	7.69570433523e-13
470	0.4096
471	0.00101422579247
472	0.512091122353
473	0
474	9.04625697167e-09
475	2.45409569447e-06
476	1.95569755429
477	0.0288230597008
478	0.800440317996
479	2.12991916996
480	6.11723274928e-38
481	5.84603391312e-06
482	1.12218734592
483	1.18083731009
484	0.000792281625143
485	3.03299400005e-07
486	2.7236962456
487	4.35833841116
488	0.145746943046
489	0.347165571454
490	1.12223901265
491	0.00101412048018
492	2.26718739661
493	1.39425081686e-14
494	6.59162750023
495	3.8217108955
496	1.6896
497	0.787146356535
498	0.00483570327846
499	8.21041081256e-39
500	1.91671604243


input.PuShortAuth.gz

451	0.26785084376
452	4.0815753028
453	4.21972759639
454	8.40158719615
455	2.1090893824
456	0.0148424658507
457	1.68582202883
458	2.2343882992e-05
459	0.0781797934785
460	2.03799117426
461	1.45913789319
462	0.822517998137
463	0
464	0
465	0.000966132333278
466	1.6
467	0.351700707701
468	4.74760286743e-09
469	1.19085256589e-15
470	0.512054947347
471	6.98543792011e-05
472	0.0565230091698
473	0
474	7.94889263258e-26
475	3.42315858361e-06
476	1.99174408859
477	2.08375451027e-26
478	0.513584774611
479	0.999824062597
480	0
481	9.04625697167e-09
482	1.00260747674
483	0.500054650897
484	1.0
485	5.20522252869e-24
486	2.73098618637
487	0
488	0.00435213295061
489	0.0883752933984
490	0.840011634647
491	0
492	2.2847223665
493	4.3101438449e-06
494	6.08288856578
495	0.64
496	2.92792182259
497	1.671744
498	0.0118059162072
499	3.0718793845e-44
500	1.9230093426


input.PuShortBase.gz

451	0.675447263414
452	4.08196215791
453	4.63728361289
454	8.34464312498
455	2.0335919104
456	0.0569288206422
457	2.07323911419
458	0.00154788070351
459	0.113502982479
460	2.04180925943
461	1.46008236648
462	0.803022314554
463	0
464	0
465	0.0125433413162
466	1.6
467	0.957620916343
468	7.66679109856e-09
469	7.69570433523e-13
470	1.00026153046
471	0.00247608576664
472	0.823183295681
473	0
474	2.65568996408e-20
475	4.69272202556e-06
476	2.09110898041
477	3.2558664223e-26
478	0.107640149365
479	1.25949724235
480	0
481	4.31359146674e-08
482	1.12218734592
483	0.689841372291
484	1.0
485	1.24640317413e-29
486	4.15311103762
487	0
488	0.010770797086
489	0.136693713391
490	0.85177350905
491	0
492	2.28472236652
493	2.56905137472e-05
494	6.84908431343
495	0.640000000008
496	3.35426120675
497	1.63968
498	0.0184467440737
499	3.57613827161e-43
500	1.87990764732


input.ric9dpn.gz

451	5.94745782826
452	5.54013672165
453	4.11798407235
454	8.48141216211
455	3.5888055882
456	6.53316492905e-48
457	1.35516950936
458	0.37203842825
459	3.52882324978
460	0.645284148804
461	2.8299029581
462	1.07978561121
463	5.9434869713
464	0.646418311794
465	1.46340196619
466	1.60000001413
467	3.20784457514
468	0.0594588529782
469	5.69920000724
470	2.72561536867
471	2.00079228163
472	1.54340031081
473	2.28122030881e-21
474	0.000467335964948
475	0.634047263347
476	3.69824980987
477	2.26156425315e-08
478	3.65975254962
479	3.77374764811
480	1.05180638135
481	3.570087037
482	0.747375232215
483	3.42485762944
484	1.15099262241
485	3.6
486	5.6992
487	3.37902324493
488	0.563909705314
489	2.4235508058
490	4.69101434521
491	2.70995116278
492	5.13452855877
493	2.57768860217
494	5.54344912886
495	4.13937163997
496	3.49471805691
497	0.172933317193
498	2.09755359851
499	1.00006805647
500	0.495591245121


input.ric9dpx.gz

451	5.8399643458
452	5.74411085768
453	3.46379368075
454	7.92030344126
455	3.58665010814
456	0
457	0.299944133101
458	0.00360281217996
459	0.618437805218
460	0.0312480136468
461	2.33422231455
462	0.893207276196
463	2.31305158531
464	0.684076692401
465	0.512000034886
466	0.524288
467	1.28916617481
468	0.00198656811334
469	4.63875739822
470	2.6298649355
471	2.0
472	3.257560702
473	0
474	2.42904535139e-09
475	1.42296750304
476	2.51622692223
477	1.77450860425e-14
478	4.63772610195
479	4.20668532817
480	1.12010423291
481	4.20718510121
482	0.139126192164
483	3.5363029261
484	0.306667062642
485	0.603979776
486	3.803795456
487	2.39079851475
488	0.338612511982
489	2.27415050816
490	5.70460119885
491	2.93120000243
492	5.31659515689
493	1.60832277134
494	7.28425632408
495	4.69543535583
496	2.38242642684
497	1.00611806587
498	1.28901531961
499	0.514417851706
500	0.427372624794


input.ric9dpxL.gz

451	5.8399643458
452	5.74411085768
453	2.26956604621
454	7.92030344126
455	3.58665010814
456	0
457	0.299944133101
458	0.00360281217996
459	0.618437805218
460	0.0312480136468
461	2.33422231455
462	0.893207276196
463	2.31305158531
464	0.684076692401
465	0.512000034886
466	0.524288
467	1.28916617481
468	0.00198656811334
469	4.63875739822
470	2.6298649355
471	2.0
472	3.257560702
473	0
474	2.42904535139e-09
475	1.42296750304
476	2.51622692223
477	1.77450860425e-14
478	4.63772610195
479	4.20668532817
480	1.12010423291
481	4.20718510121
482	0.139126192164
483	3.5363029261
484	0.306667062642
485	0.603979776
486	3.803795456
487	2.39079851475
488	0.338612511982
489	2.27415050816
490	5.70460119885
491	2.93120000243
492	5.31659515689
493	1.60832277134
494	7.28425632408
495	4.69543535583
496	2.38242642684
497	1.00611806587
498	1.28901531961
499	0.514417851706
500	0.427372624794


input.ric9dsx.gz

451	5.98320620111
452	5.92960670425
453	3.97662154316
454	7.97284211438
455	4.72385020383
456	0
457	0.0916455628523
458	0.00772034611791
459	0.780258960987
460	0.078811817571
461	2.4559938253
462	1.1858127299
463	1.20215226027
464	0.654439159905
465	0.512547745811
466	0.2684355234
467	1.99705632792
468	0.000172057131742
469	0.0572842352404
470	2.5614043893
471	2.0
472	2.60569893171
473	0
474	3.97541131112e-08
475	1.86016681851
476	3.19484309337
477	4.1137613933e-07
478	5.31348132434
479	4.19842317899
480	0.831380984365
481	4.18691294047
482	0.525446441135
483	4.3324285861
484	1.07106674564
485	0.9437184
486	4.2626304
487	2.69645921638
488	0.918292181255
489	2.36495583635
490	5.37082687393
491	2.46589499534
492	4.53015732189
493	6.36573742605e-10
494	7.84321289475
495	5.64124291593
496	2.79044832805
497	1.00605890089
498	1.46564767404
499	0.967680000007
500	0.646688545266


input.ric9tpx.gz

451	6.26631128596
452	4.30865945746
453	6.86979817143
454	8.51325154915
455	4.51931416481
456	3.70425615676e-12
457	0.343220439685
458	0.00445888391811
459	0.114561818254
460	2.30960570895
461	2.48734749767
462	1.40936418601
463	4.56244061762e-21
464	0
465	0.00832647706853
466	0.65536
467	2.57647428659
468	0.00126767296883
469	3.18909273297
470	1.38101696636
471	0.17179869184
472	1.98912379884
473	0
474	0
475	0.914129403103
476	1.42408372331
477	3.14567299493e-44
478	5.27857675176e-19
479	2.51876347683
480	2.34854258277e-12
481	4.43286676908
482	0.556630332586
483	1.32088980816e-30
484	1.12126264209e-07
485	2.304
486	4.223488
487	0
488	0.183621583557
489	0.211311253725
490	5.73887478752
491	0.000772905866589
492	6.93937366424
493	5.02773056292e-60
494	7.92557490757
495	6.83391915867
496	2.08679526038
497	1.7535330154
498	0.67376967041
499	0.0089261284682
500	0.591293721049


input.rmitNFGweb.gz

451	4.73981250755
452	0.414855003534
453	2.00676049064
454	0.230715177676
455	4.78904856521e-06
456	0
457	7.84637716923e-07
458	0.134217728
459	0.703589375046
460	0
461	2.286144
462	4.6922199625e-28
463	2.462234349
464	0
465	1.22599643269e-06
466	2.0
467	4.85270363154
468	0.00101412064315
469	0.00247588247708
470	0
471	3.41804023148e-11
472	2.49739884025e-16
473	0
474	0
475	0.488628446964
476	0.432117998137
477	0.171800607459
478	1.81281316456e-08
479	0.666368622922
480	6.42211028668e-92
481	0.000405648192087
482	5.3058536291e-36
483	0.332402366483
484	0.8
485	0.00228177108041
486	2.96419570328
487	0.616540947489
488	0.0867059000312
489	8.54923806112e-08
490	5.78960446187e-09
491	7.47632035832e-91
492	2.7165970581e-36
493	0.0037017982428
494	2.40319475489
495	0
496	2.36816160235
497	1.1346234038
498	2.42833611528e-09
499	0.0225179981369
500	0.00015312772332


input.rmitNFLweb.gz

451	4.71540296838
452	0.43944617125
453	2.00676049064
454	1.51327676271
455	9.35361047892e-06
456	0
457	7.84637716923e-07
458	0.134217728
459	3.79428904349e-09
460	0
461	2.286144
462	2.08375465072e-26
463	2.462234349
464	0
465	1.22599643269e-06
466	2.0
467	5.05742167178
468	0.00101412064315
469	0.00604467225566
470	0
471	8.96228590742e-12
472	5.23742497263e-17
473	0
474	0
475	0.488734380701
476	0.432117998137
477	0.171802433284
478	1.81281316456e-08
479	0.666327019688
480	1.16817505599e-90
481	0.000405648192087
482	2.91692388024e-37
483	0.414322366483
484	0.8
485	0.00285221385051
486	2.9624548501
487	0.616540947489
488	0.0866182420726
489	8.54923806112e-08
490	4.58699725854e-12
491	4.45623419185e-90
492	3.91502895954e-38
493	0.0037017982428
494	2.40319475489
495	0
496	2.36816160235
497	1.1346234038
498	1.94266889223e-09
499	0.00193428131138
500	6.58571154068e-05


input.rmitWFGweb.gz

451	2.08589934595
452	8.0043114582e-15
453	0.214809156768
454	0.000855398024947
455	0
456	0
457	0
458	9.87263970067e-51
459	1.73862234606e-36
460	0
461	0.65536
462	0
463	0.540359132386
464	0
465	2.23741436863e-27
466	0
467	0.0918023040236
468	0
469	2.29111231348e-27
470	0
471	2.54629497042e-10
472	2.13154451347e-42
473	0
474	7.57285381569e-41
475	0.018129445634
476	0
477	0
478	2.49744339534e-16
479	1.20245380251e-12
480	0
481	8.78694100497e-18
482	0
483	5.35754324558e-33
484	1.23407996258e-50
485	0
486	0.00198087256252
487	3.4508731734e-08
488	4.58699723198e-12
489	4.41252181048e-24
490	1.58977852652e-25
491	0
492	3.81531865745e-69
493	0.000792281626105
494	0.494867831396
495	1.14179815416e-05
496	0.0181805520147
497	0.000521338506623
498	0
499	5.39198933343e-08
500	4.16870505353e-23


input.rmitWFLweb.gz

451	2.49601857561
452	0.181626324723
453	0.549689287595
454	1.36948960841
455	0
456	0
457	8.8448771444e-62
458	0.64
459	0.00737869762948
460	0
461	1.65536
462	8.70216487431e-21
463	1.02834529854
464	0
465	1.89713759006e-09
466	2.0
467	3.14943520192
468	0.00033230699934
469	0.0005192296869
470	0
471	4.27197407184e-11
472	1.48856570736e-15
473	0
474	0
475	0.0181282555554
476	3.48449143727e-05
477	1.22599643269e-06
478	5.2711307728e-11
479	0.553833381987
480	0
481	3.35195198249e-17
482	2.59657132663e-73
483	6.73998667702e-08
484	0.00737869762948
485	4.07081563725e-08
486	1.23131269364e-12
487	0.517367667993
488	1.30370302795e-10
489	4.41252181048e-24
490	4.58699723345e-12
491	0
492	3.76611316706e-50
493	0.000792281673412
494	0.508590553445
495	0
496	1.61824245096
497	1.00052133851
498	6.30432099142e-13
499	6.73998666679e-08
500	1.04296241988e-10


input.Sab9web1.gz

451	7.32648961141
452	5.47558596068
453	0.400360429275
454	6.38533178857
455	1.50204971996
456	0.000519234317537
457	0.639879324411
458	0.012022140356
459	3.99565570897
460	1.15161119374e-08
461	2.13554432
462	3.08047102524
463	0
464	0
465	0.0228506639269
466	1.6
467	4.70306576997
468	3.83420312965e-06
469	0.00755600336177
470	0.0585476018791
471	0.268441302784
472	0.409627875931
473	0
474	0
475	6.33401433473e-13
476	1.69330034164
477	2.23993081289e-11
478	0.00495660404213
479	1.13070926642
480	3.94020061964e-13
481	2.47579453804
482	0.134246557671
483	0.000355771293857
484	2.68487477975
485	0.00146033349146
486	3.6987904
487	0
488	1.12309526787
489	0.0163496838569
490	0.703617741812
491	3.59913103563e-18
492	3.55429592321
493	0.0073933126732
494	7.40988981761
495	1.62962878107e-10
496	4.35848466022
497	0.00241051459442
498	1.28
499	0.010770797086
500	0.419947285827


input.Sab9web2.gz

451	6.68275936118
452	6.0152868091
453	6.50580463498
454	7.73054390153
455	2.33328319371
456	0.908892013751
457	0.906248065255
458	0.123696912009
459	5.92177395553
460	1.60317421908
461	2.45536
462	1.01661120405
463	3.17811236805
464	1.00955105563
465	3.74120235784
466	2.00000062771
467	4.84945116977
468	0.00400148591967
469	1.70841517195
470	0.228145736467
471	1.35249736992
472	1.34759614158
473	0
474	4.58658732878e-51
475	0.723124049029
476	2.48938923157
477	0.014757395259
478	5.03276152088
479	2.50894578634
480	0.512000018799
481	2.18811332853
482	0.134247501915
483	1.94962881589
484	0.137946660508
485	0.0648518346341
486	4.13983232
487	3.95341897941
488	2.24869809688
489	0.664391926614
490	4.16884419624
491	2.95436950744
492	6.01120341257
493	4.61272575673
494	7.99417394264
495	0.138235911902
496	5.06759871544
497	0.196643692543
498	0.883933052194
499	0.651529215046
500	1.91024945247


input.Sab9web3.gz

451	6.31990487344
452	5.94587611467
453	6.85584369373
454	7.93145944517
455	2.8415341669
456	0.144817718507
457	0.803927816012
458	0.00119804390577
459	5.76584350251
460	2.33626758931
461	2.45536
462	1.1487359241
463	3.03016287144
464	1.06957983695
465	4.03647216553
466	2.0
467	4.18275551531
468	0.00781540147015
469	2.20275882173
470	0.205181689946
471	1.36688969795
472	1.45450413452
473	0
474	1.23780974041e-50
475	0.63901873044
476	4.20357551256
477	0.0118059162072
478	4.97421481116
479	2.65723695408
480	0.64000000418
481	2.02743136934
482	0.210729952822
483	1.58288121551
484	0.0701392674938
485	0.0810647932927
486	3.816723456
487	4.78675409359
488	2.23424543054
489	0.729674700594
490	4.42545717025
491	3.13590762769
492	6.06929365511
493	4.63703822259
494	8.06344484624
495	0.172789044075
496	4.96980865448
497	1.17265081714
498	1.23359440404
499	0.644722366483
500	2.26296547825


input.Sab9web4.gz

451	6.68275936118
452	6.45943917152
453	6.47609996232
454	7.7303386012
455	2.33010621644
456	0.998524303502
457	0.947954904246
458	0.621466169859
459	5.84550827679
460	1.61327283219
461	2.45536
462	1.04446219184
463	3.17803122331
464	0.66818387572
465	3.72907307986
466	2.00000040173
467	4.84493706952
468	0.00400148591967
469	1.69664726611
470	0.198463765411
471	1.38979203404
472	1.2963367952
473	0
474	1.11638045065e-58
475	0.623327867831
476	2.17747654857
477	0.0118059162072
478	5.03276151991
479	2.50894579324
480	0.640000132156
481	2.29027253922
482	0.134246778086
483	1.95314704626
484	0.138551145848
485	0.0810647932927
486	3.77897472
487	3.95341898493
488	2.24671781533
489	0.835400820438
490	4.10722575067
491	2.97415922406
492	5.59426528253
493	4.60884441842
494	7.97263501803
495	0.1382313025
496	5.06760156993
497	0.211863327416
498	0.837529422781
499	0.654411518808
500	1.89473963067


input.Sab9web5.gz

451	6.03759456845
452	6.01222935404
453	6.41953873007
454	7.72937525506
455	1.30894428272
456	0.456560873116
457	0.906248065255
458	0.123696912009
459	5.92177395553
460	1.60317421908
461	2.09536
462	1.01661120405
463	0.769069489699
464	1.80744676638
465	2.71262210824
466	2.00000040173
467	3.8707648428
468	0.0040014858202
469	1.70841517195
470	0.228145736467
471	1.35249736992
472	0.545914098114
473	0
474	4.58658732878e-51
475	0.578510087468
476	2.48935812012
477	0.000415383748683
478	5.03276152088
479	2.50894578634
480	0.512000018799
481	2.18811332853
482	0.0180242558058
483	1.94962881589
484	0.0882858627254
485	0.0648518346341
486	4.13983232
487	3.95231319087
488	1.80462575128
489	0.664391926614
490	4.16884419624
491	2.89149805817
492	3.59201532301
493	2.92732542323
494	7.99417394264
495	0.138235911902
496	5.06759871544
497	0.196643692543
498	0.707146441755
499	0.0319253908574
500	1.91024945247


input.Scai9Web1.gz

451	0.770366980718
452	2.26723337497
453	0.901900367845
454	5.88469574782
455	0.000405648192396
456	0
457	0.0933940790504
458	0.394278313105
459	1.65574181178
460	2.61355664346
461	0.0580346772246
462	1.78405961596e-05
463	1.88535931265
464	0.0351843730854
465	0.167800036218
466	1.024
467	4.20116558354
468	1.8268770529e-05
469	3.89695644833
470	3.6596007888
471	0.00483570327846
472	1.8145615558
473	0
474	2.74523531204e-33
475	0.32550176552
476	3.72212775939
477	1.1693917659e-74
478	1.44740209801e-08
479	2.59796693964
480	1.4136161745e-08
481	1.60203477619e-06
482	0.00485396769472
483	1.86705049777e-05
484	1.4221343321
485	0.00116826679317
486	0.341633550589
487	1.85591965759
488	0.00154742506769
489	0.307075279914
490	0.000849981394919
491	1.6000009808
492	0.848023037615
493	5.78961659916e-09
494	5.11918708501
495	1.41510409623
496	2.22670945812
497	1.95698561406
498	1.36628557285e-26
499	0.800068056473
500	0.692534949007


input.Scai9Web2.gz

451	0.589577317213
452	2.87776078093
453	2.45199286539e-06
454	5.87868776671
455	1.52534942944e-12
456	0
457	0.0933940790504
458	0.394278313788
459	2.04846919894
460	2.61355664346
461	0.0580346772246
462	1.78405961596e-05
463	2.70626267588
464	0.068719513618
465	6.09768382678e-16
466	1.024
467	4.21216072305
468	0.000212676484798
469	3.36433330735
470	3.6596007888
471	0.00483570327846
472	1.8145615558
473	0
474	2.74523531204e-33
475	0.411654484922
476	3.72331117192
477	1.1693917659e-74
478	1.44740209801e-08
479	2.0801914451
480	1.4136161745e-08
481	1.60203477619e-06
482	0.00485396769472
483	1.86705049777e-05
484	0.971984504639
485	0.00116826679317
486	0.0187936661574
487	1.85591965759
488	0.00154742506769
489	0.307075279914
490	0.000849981394919
491	1.60000003534
492	0.0703687441777
493	5.78961659916e-09
494	5.11918708501
495	1.39558720517
496	2.22670945814
497	2.27833090087
498	1.36628557285e-26
499	0.800068056473
500	0.692534949007


input.Scai9Web4.gz

451	0.780624744053
452	2.75787882213
453	0.13765997432
454	5.88280626353
455	1.52534942944e-12
456	0
457	0.0933940790504
458	0.394278313788
459	1.64856028998
460	2.61355664346
461	0.0580346772246
462	1.78405961596e-05
463	1.88546267588
464	0.0687194862577
465	0.0281475153395
466	1.024
467	4.26233759861
468	0.000108890357997
469	4.3663846696
470	3.6596007888
471	0.00483570327846
472	1.8145615558
473	0
474	2.74523531204e-33
475	0.255577483546
476	3.72330881786
477	1.1693917659e-74
478	1.44740209801e-08
479	2.58629389729
480	1.4136161745e-08
481	1.60203477619e-06
482	0.00485396769472
483	1.86705049777e-05
484	1.21647888134
485	0.00116826679317
486	0.145064429676
487	1.85591965759
488	0.00154742506769
489	0.307075279914
490	0.000849981394919
491	1.60000000474
492	0.419845783749
493	5.78961659916e-09
494	5.11918708501
495	1.428432702
496	2.22670945814
497	1.95699651981
498	1.36628557285e-26
499	0.800068056473
500	0.692534949007


input.tnout9f1.gz

451	5.66022119183
452	5.05970112283
453	5.52614405791
454	2.84745921579
455	2.9087363535
456	0.0122115643992
457	1.54240124381
458	1.05824734896
459	4.70172741387
460	0.49917544026
461	2.792
462	0.512207692193
463	3.55423863431
464	0
465	4.48469410824
466	2.06871947674
467	5.5218743112
468	0.138431221123
469	4.69234039955
470	1.05706737449
471	2.42401151881
472	1.10905332699
473	0
474	6.73794279788e-06
475	4.13871762789
476	2.1588490121
477	0.17179869184
478	2.77607394003
479	1.72845558419
480	0.211377381538
481	1.29728522739
482	0.421457949705
483	1.76960716717
484	0.723523759473
485	3.6
486	4.367488
487	4.84332526181
488	1.21102708136
489	2.65405524762
490	1.81927469892
491	2.61474395745
492	5.70179018183
493	3.59177907053
494	5.10217227983
495	0.00360253804848
496	4.82405423682
497	0.000822334085975
498	0.113092704993
499	0.854975581389
500	1.65827837483


input.tnout9t2.gz

451	6.68303485626
452	2.25348050028
453	5.3440412985
454	6.71220655599
455	3.6898859119
456	2.20891859226e-77
457	0.214341619669
458	0.12990321556
459	1.5281935813
460	2.19037730634
461	2.82400467681
462	0.984344487263
463	0
464	0
465	0.00050859476194
466	1.60000000121
467	2.43695325247
468	0.000811589766105
469	4.09856000075
470	2.34759223953
471	1.02400012132
472	0.0942980868803
473	0
474	6.44443227356e-45
475	0.320874902196
476	2.1393258981
477	4.24979609666e-89
478	0.000317376932258
479	3.31023387047
480	0.0180144002579
481	1.42334717906
482	0.00483797115554
483	0.000293721530655
484	0.217325345337
485	3.6
486	4.943488
487	0.0687194963231
488	0.358455377849
489	0.659583780875
490	3.70987596253
491	0.0860290180021
492	5.05713263657
493	0.00168353806294
494	5.44342041945
495	8.72995050734e-05
496	3.05316390161
497	1.96768467681
498	0.820194249089
499	1.80000000078
500	0.0867652834511


input.tnout9t2lc10.gz

451	6.68303485626
452	2.25348050028
453	4.4657564985
454	6.71220655599
455	2.9520299119
456	2.20891859226e-77
457	0.137178636588
458	0.12990321556
459	1.5281935813
460	2.19037730634
461	2.82400467681
462	0.984344487263
463	0
464	0
465	0.00050859476194
466	1.60000000121
467	2.43695325247
468	0.000811589766105
469	4.09856000075
470	1.94759223953
471	1.02400012132
472	0.0942980868803
473	0
474	6.44443227356e-45
475	0.320874902196
476	2.1393258981
477	4.24979609666e-89
478	0.000317376932258
479	3.31023387047
480	0.0180144002579
481	1.42334717906
482	0.00483797115554
483	0.000293721530655
484	0.217325345337
485	2.88
486	4.943488
487	0.0687194963231
488	0.358455377849
489	0.659583780875
490	3.70987596253
491	0.0860290180021
492	5.05713263657
493	0.00168353806294
494	5.44342041945
495	8.72995050734e-05
496	2.46609190161
497	1.96768467681
498	0.525282249089
499	1.44000000078
500	0.0867652834511


input.tnout9t2lc50.gz

451	5.34739975143
452	1.379558936
453	3.81511509123
454	6.71220655599
455	2.95218138987
456	2.20891859226e-77
457	1.0829273512
458	0.12990321556
459	1.5281935813
460	2.19037730634
461	0.925372996805
462	0.794945447263
463	0
464	0
465	0.00050859476194
466	1.28000000121
467	1.95024135551
468	3.60000023471
469	4.09856000075
470	0.999950472586
471	0.214748426916
472	0.0771182176963
473	0
474	6.44443227356e-45
475	0.367181273286
476	1.21468575945
477	4.24979609666e-89
478	0.000254060485907
479	3.31023387047
480	0.0180144002579
481	0.915318837167
482	0.00249183862974
483	0.000240552410824
484	0.217325345337
485	2.304
486	2.531065856
487	0.0549756009759
488	1.11714671961
489	0.422143284366
490	3.70987596253
491	0.0551052534709
492	4.04589451404
493	0.00168353806294
494	4.35474684182
495	6.98396040587e-05
496	1.57925302853
497	1.25931987681
498	0.525282249089
499	1.44000000078
500	0.0867652834511


input.tnout9t2lk50.gz

451	7.21979510859
452	0.564819752177
453	0.70655391885
454	2.47982013261
455	2.67037249241e-08
456	7.95018746059e-95
457	8.52807507564e-19
458	4.67538694751e-19
459	4.40013515754e-18
460	6.30676395439e-18
461	9.42686084097e-18
462	2.83422783509e-18
463	0
464	0
465	3.83883504204e-22
466	7.7290750519e-19
467	5.60164608574e-18
468	1.28467726517e-22
469	2.4748498301e-18
470	1.34185270917e-58
471	2.94840849371e-18
472	2.71512936873e-19
473	0
474	1.18755103758e-62
475	9.2389665524e-19
476	7.34028636785e-18
477	0
478	9.13824933507e-22
479	1.19095130557e-17
480	2.65569022183e-20
481	2.91772107384e-18
482	7.13215677866e-21
483	5.41256845729e-22
484	3.20381909088e-19
485	1.03654973826e-17
486	1.42338088681e-17
487	0
488	4.2274910218e-19
489	1.89914276508e-18
490	1.43369548629e-18
491	4.11568477073e-23
492	3.05366856764e-18
493	1.98550293447e-21
494	1.56731442252e-17
495	2.15918216382e-23
496	2.65075842173
497	3.89334592869e-19
498	9.67306961599e-19
499	5.18274869355e-18
500	2.49823699588e-19


input.UCCS1.gz

451	0
452	1.64550455732e-07
453	0.016739004251
454	0.00377789318633
455	0
456	0
457	9.13642143895e-40
458	2.48144440524e-41
459	8.50705917302e-05
460	0.512
461	1.00433627766e-06
462	0
463	0
464	0
465	0
466	0
467	0
468	5.83384776047e-37
469	0.000649037107317
470	1.58890137505
471	0
472	0
473	0
474	2.03703597633e-10
475	8.75526381179e-09
476	0.057702370378
477	0
478	1.1116353748e-05
479	0
480	0
481	1.32073632798e-29
482	0
483	8.71126118576e-05
484	0
485	0
486	0
487	0
488	3.74144419157e-06
489	1.34819878604
490	9.7453140114e-32
491	0
492	0.108625035931
493	2.91996199528e-21
494	5.80327654415
495	5.4488314622e-05
496	2.98829584287
497	2.44
498	0.64
499	5.66072137241e-62
500	1.38633484706e-14


input.UCCS2.gz

451	0
452	2.05688069665e-07
453	0.016739004251
454	0.013668471944
455	0
456	0
457	1.14205267987e-39
458	2.48144440524e-41
459	0.000633825300114
460	0.512
461	0
462	0
463	0
464	0
465	0
466	0
467	0
468	0
469	0.000649037107317
470	1.58890137505
471	0
472	0.16777216
473	0
474	2.03703597633e-10
475	8.75526381179e-09
476	0.0351843961123
477	0
478	1.1116353748e-05
479	0
480	0
481	0.0858995104705
482	2.90735489718e-15
483	8.71126118576e-05
484	0
485	0
486	0
487	0
488	9.90513353968e-73
489	1.34819878604
490	1.21816425143e-31
491	0
492	0.524288
493	2.91996199528e-21
494	5.80327654415
495	2.78759314982e-05
496	2.98829584287
497	2.44
498	1.82497624705e-21
499	5.66072137241e-62
500	1.10906787765e-14


input.UCCS3.gz

451	0
452	0
453	0
454	0
455	0
456	0
457	0
458	8.67503026131e-68
459	0
460	0
461	0
462	0
463	0
464	0
465	0
466	0
467	0
468	0
469	0
470	0
471	0
472	0
473	0
474	0
475	0
476	2.30381908031e-87
477	0
478	0
479	0
480	0
481	0
482	0
483	0
484	0
485	0
486	0
487	0
488	0
489	0
490	0
491	0
492	1.66353649871e-57
493	0
494	0
495	0
496	0
497	0
498	0
499	0
500	0


input.UCCS4.gz

451	0
452	0
453	0
454	0
455	0
456	0
457	0
458	1.08437878266e-67
459	0
460	0
461	0
462	0
463	3.3196124551e-20
464	0
465	0
466	0
467	0
468	0
469	0
470	0
471	0
472	0
473	0
474	0
475	0
476	3.86516703352e-88
477	0
478	0
479	0
480	0
481	0
482	0
483	0
484	0
485	0
486	0
487	0
488	0
489	0
490	0
491	0
492	3.72988429193e-53
493	0
494	0
495	0
496	0
497	0
498	0
499	0
500	0


input.uwmt9w10g0.gz

451	5.81931269798
452	2.8892800004
453	3.46015582837
454	6.90672852957
455	1.54375238696
456	3.48426523288e-20
457	1.69153717302
458	0.0121358125305
459	0.821544783384
460	0.860525902209
461	3.414144
462	1.96912104896
463	0
464	3.43381916416e-07
465	0.0969758824345
466	1.96160002605e-06
467	1.15971517562
468	1.1658442865
469	1.60048813857
470	3.85938290769
471	0.00944473296578
472	1.00971525562
473	8.37116099364e-33
474	2.33764429026e-30
475	8.70702231083e-11
476	3.40557037403
477	5.26015127694e-23
478	2.41029647975e-15
479	4.7500041374
480	8.45271249817e-30
481	3.79929678525
482	0.0446389368496
483	0.0504403158265
484	6.05716529398e-07
485	0.24739011625
486	5.404288
487	3.51395017489
488	0.00850395377233
489	0.151812041522
490	3.37738491737
491	0.323153339352
492	4.39980118041
493	1.94311757433e-78
494	5.56368044271
495	3.75033927387
496	2.62815137424
497	2.17356983754
498	1.6
499	1.00000374144
500	0.786663568292


input.uwmt9w10g1.gz

451	6.44412366293
452	2.98084416693
453	1.84408117556
454	7.5460409712
455	3.72918946869
456	0
457	0.000224718034607
458	0.403008066034
459	0.357147314981
460	0.00771052373405
461	2.18505216
462	1.15622030847
463	4.92279589471
464	3.13106445601
465	0.884071959344
466	1.07840180689e-07
467	1.16818576339
468	2.53330233113
469	6.51413507681
470	2.0
471	1.28
472	1.23276476328
473	1.74980057983e-11
474	0.167773398325
475	0.800000000242
476	2.64177116627
477	0.0288230376152
478	3.49038366963
479	3.37870360667
480	0.00123794738059
481	3.07042139561
482	0.0947044264195
483	1.80883927876
484	2.71412775333e-26
485	9.16666189351e-10
486	1.41670167347
487	2.00699870357
488	0.420440947186
489	1.20000982137
490	3.86204260689
491	2.00960000741
492	2.52528176568
493	0.268760029795
494	5.28606208919
495	3.07412758162
496	1.20056187866
497	0.0871856834591
498	0.261993005056
499	0.64
500	1.12375959683e-36


input.uwmt9w10g2.gz

451	5.85760214588
452	2.88928000032
453	3.46013819195
454	6.90566653893
455	1.50019880194
456	1.0526138632e-20
457	1.6832369844
458	0.0103042480127
459	0.821544781489
460	0.860587424761
461	3.414144
462	1.96918731548
463	0
464	3.43381916416e-07
465	0.0969758788999
466	1.96160002605e-06
467	1.14708961609
468	1.1658442865
469	1.60048752557
470	3.85820231607
471	0.00944473296577
472	1.00971524426
473	1.12355820929e-33
474	3.13753305511e-31
475	8.45501311312e-11
476	3.40324197103
477	1.85074692248e-24
478	2.52232995671e-15
479	4.74938129793
480	6.76216999854e-30
481	3.79929678328
482	0.0445071252858
483	0.0504403158265
484	6.05709508163e-07
485	0.24739011625
486	5.2994304
487	3.50096099369
488	0.00850360068642
489	0.121553476611
490	3.37738138506
491	0.323153339352
492	4.40074529529
493	2.60805263058e-79
494	5.5183773682
495	3.75040699056
496	2.62803623446
497	2.00705287853
498	1.6
499	1.00000374144
500	0.786663568292


input.uwmt9w10g3.gz

451	6.49964372407
452	2.9808437838
453	1.84408117556
454	7.54601919169
455	3.70616899334
456	0
457	9.21772118859e-05
458	0.402999475523
459	0.357147314981
460	0.00771052373405
461	2.18505216
462	1.1504929922
463	4.80501629013
464	3.13106445601
465	0.884071959332
466	1.07840180689e-07
467	1.16570234887
468	2.53330232997
469	6.51413507681
470	2.0
471	1.28
472	1.19021880602
473	1.74980057983e-11
474	0.167773346819
475	0.800000000242
476	2.6360970974
477	0.0230584300921
478	3.49038366963
479	3.37865495431
480	0.00123794475441
481	3.07042139561
482	0.0945987964507
483	1.80180240435
484	1.38482859894e-26
485	4.02126829923e-06
486	1.41670167347
487	2.00699870341
488	0.42043461362
489	1.20000982137
490	3.90260646861
491	2.00960000243
492	2.52528176568
493	0.268759997223
494	5.28638146457
495	3.07412758162
496	1.20056185808
497	0.2789425437
498	0.261993005056
499	0.64
500	8.99007660214e-37


input.uwmt9w10g4.gz

451	6.14865728981
452	2.58699540652
453	2.31425488942
454	4.66852765983
455	1.26592466902
456	1.84734243283e-38
457	0.214108562958
458	3.20923479482
459	0.248899426179
460	0.681346710093
461	2.58688
462	1.93866846014
463	0
464	0.0031286527887
465	0.00922337500117
466	2.0
467	1.59478376862
468	0.0341230752657
469	5.4432
470	3.68301662078
471	2.10624583337e-07
472	0.6723335109
473	0
474	1.11638044651e-58
475	2.40532878742
476	3.82341235228
477	5.51978734802e-10
478	0.424458310052
479	4.45985526998
480	1.95792574081e-26
481	3.33698698767
482	0.649438953472
483	0.00120219478292
484	1.64377807992
485	1.47456
486	4.93629499534
487	1.50527689925
488	0.00410581049365
489	0.484941476
490	3.72997433434
491	0.685352293186
492	2.70315633812
493	1.74820245379e-45
494	3.60184253114
495	2.4770037233
496	1.8393136106
497	0.942785029689
498	2.01076548442
499	0.00737875154938
500	0.791226958415


input.uwmt9w10g5.gz

451	6.12451201446
452	2.58699540652
453	2.31304693549
454	4.66377649414
455	1.26668233315
456	1.5868550667e-39
457	0.211916712234
458	3.20919314922
459	0.248918437562
460	0.681347804435
461	2.50496
462	1.93943729779
463	0
464	0.0031286527887
465	0.00922337574222
466	2.0
467	1.58639360547
468	0.0341230752657
469	5.4432
470	3.68222942634
471	2.10624583337e-07
472	0.672290658556
473	0
474	7.14483485767e-59
475	2.40533155467
476	3.81790734495
477	2.82613112219e-10
478	0.428106127506
479	4.44882173462
480	1.24826766335e-26
481	3.33698590999
482	0.649438953472
483	0.00104382972874
484	1.64377802123
485	1.47456
486	4.93629499534
487	1.47246445019
488	0.0041058104881
489	0.484941475989
490	3.73052877404
491	0.685352293186
492	2.72777841455
493	1.10052266238e-48
494	3.32946691336
495	2.4770037233
496	1.8371440328
497	0.929912041893
498	2.00713749804
499	0.00737873213822
500	0.791226958415


input.xvsmmain.gz

451	7.7484686527
452	1.69021900031
453	3.01946569609
454	5.043379408
455	2.55614661861
456	3.48315894173e-30
457	0.399892609191
458	0.00132925301837
459	5.02266390653
460	0.255321592374
461	2.1642889808
462	1.10110356528
463	5.87703183986
464	3.3092614217e-67
465	9.9064423485e-07
466	0.036028797019
467	4.88695936123
468	0.00399347110885
469	6.27710187735e-07
470	1.6859012646
471	1.28
472	0.096369171886
473	0
474	2.23026836752e-05
475	2.02998131756
476	1.43608392738
477	0.419430400027
478	0.271601860562
479	2.41195954401
480	0.0259465799371
481	0.534222124245
482	0.935208080031
483	0.425701532446
484	2.02251799814
485	3.6
486	1.79977846784
487	4.29132697767
488	0.57735060843
489	0.847691972364
490	1.25924098544
491	2.51202230075
492	4.94836264662
493	1.44291875951
494	2.79031915836
495	0.337793053967
496	4.04492083364
497	0.692014022656
498	0.434158136326
499	1.13421772807
500	1.57617326667


input.xvsmman.gz

451	5.60006484257
452	4.66448083078
453	4.8727965285
454	3.26304211493
455	3.41504441562
456	0.80001170106
457	0.190290158183
458	6.5532648339e-17
459	5.18803219553
460	0.323537714186
461	2.164289226
462	1.00000000298
463	5.88854246493
464	0.00123794003929
465	3.96662785512
466	2
467	2.32768
468	0.00506660767437
469	4.7232
470	1
471	1.60000302223
472	0.73411452316
473	0
474	0.515681093429
475	3.21189233148
476	1.43608107591
477	0
478	1.72587736897
479	1.43932429536
480	4.14951748927e-20
481	0.534377450678
482	0.512004369154
483	2.19736827317
484	1.09271947674
485	2.88
486	2.88
487	3.57811117825
488	0.581941018625
489	2.88024988739
490	2.01344677275
491	1.44478437209
492	5.6411321335
493	1.55947245634
494	5.06302653632
495	3.17056047825
496	3.0347188238
497	1.076133888
498	0.524926978316
499	1.13421772802
500	1.59075094852


input.xvsmtdn.gz

451	7.40429146296
452	2.63107279038
453	2.98780305419
454	5.21631925902
455	2.96818814062
456	0.800022835967
457	0.592769499476
458	0.00208819622402
459	5.25106104565
460	0.21654422332
461	2.16429039452
462	0.595374831394
463	5.87712829561
464	0
465	1.01641257486
466	2.00025961484
467	5.67065082488
468	0.00502507039162
469	7.31491888039e-06
470	1.68592177842
471	1.28
472	0.142888934561
473	0
474	7.29285058484e-08
475	2.0
476	1.43608380357
477	1.024
478	0.26997246538
479	2.56878935839
480	0.193273785432
481	0.536084172471
482	0.935010009625
483	0.425454122519
484	1.32398046511
485	3.6
486	1.79977846784
487	4.27004117919
488	0.656671352039
489	0.744301364169
490	1.25924074157
491	2.5120178406
492	5.12354462813
493	2.33120025716
494	5.06490233262
495	0.000838600328319
496	4.05117793256
497	0.78309752832
498	0.454371386729
499	1.13421772805
500	2.54209798118


input.xvsmtitle.gz

451	7.77063019703
452	2.43075682525
453	2.73907373496
454	2.78626267216
455	1.6641329228
456	1.39722565563e-16
457	0.399896284615
458	0.00463871461851
459	4.99467659627
460	0.253716935795
461	2.16428862771
462	1.10975520613
463	0
464	0
465	3.45360723681e-08
466	0.17179869184
467	5.31112421289
468	0.00419154260726
469	6.27710187735e-07
470	1.68589937659
471	1.024
472	0.20323854425
473	0
474	1.75027171311e-80
475	0.33554432
476	1.41170977872
477	4.24910394253e-20
478	3.44041362912e-05
479	2.55490563886
480	3.67873285853e-32
481	2.02482126967
482	0.935010009625
483	0.00760150290123
484	2.04398046511
485	2.88
486	2.408267776
487	0
488	0.473418924857
489	0.436492585655
490	1.0544667903
491	0.000122501680088
492	5.65665434672
493	0.15727618667
494	2.68974598352
495	0.00472237552913
496	3.58619757926
497	1.5995392
498	0.524795060523
499	1.13421772801
500	1.59997693635


input.CWI0001.gz

451	1.1312475904e-08
452	1.92076017292
453	0.00241863627697
454	1.86785399299
455	0.00193428131138
456	9.13438523332e-06
457	0.00502031464307
458	1.37748247997e-39
459	0.0678741333295
460	1.00460947388
461	0
462	0.327680980797
463	3.97858673842e-10
464	0.00241785163923
465	1.00433667168e-06
466	0
467	1.34251916045
468	1.7498005807e-11
469	0.0351843722192
470	0.00472335732646
471	9.80797146154e-07
472	0.000964501797114
473	0
474	0.262189296223
475	1.80925139433e-08
476	1.53954912143
477	0.00101412048018
478	2.24778218517
479	1.06749960499
480	9.43490607122e-19
481	0.016545476411
482	0.000990352031428
483	2.040058064e-06
484	0.134217728022
485	0
486	0
487	6.44219799497e-45
488	0.0360287971385
489	1.69982231391e-20
490	1.65162833427
491	1.0
492	0.00604483478614
493	2.39800748185e-06
494	2.97648234489
495	0.0598204519182
496	7.62145642167e-16
497	5.42754107386e-52
498	0
499	2.31863147414e-62
500	2.42163646246e-05


input.iit00tde.gz

451	5.9382507915
452	2.13771502002
453	6.31196639832
454	9.26375714079
455	4.20252227253
456	0
457	0.0765409101799
458	3.56418948644
459	3.76091154587
460	0.00922362682367
461	3.44000040173
462	0.861132352175
463	4.52371619382
464	1.30017254896
465	1.14743201301
466	1.60000000016
467	2.55291095089
468	0.959703505709
469	5.40428800725
470	0.481932333235
471	1.6
472	0.476601795123
473	3.59913103563e-18
474	1.3813652181
475	1.34864525821
476	2.68688378477
477	1.65263992198e-13
478	4.54917535834
479	2.82153828719
480	0.704125015686
481	4.23262208724
482	0.339607709638
483	1.5652690169
484	1.59003870638
485	0.0265633114661
486	3.967488
487	3.26696608887
488	0.763973755417
489	1.37109472509
490	3.76864344696
491	1.61920101687
492	6.65532375282
493	4.1329373633
494	7.37999450686
495	4.59143831668
496	0.186804035563
497	1.01941055049
498	2.24204921164
499	0.0185214587496
500	1.9643325865


input.NEnmLsa.gz

451	6.03017885035
452	4.87727869247
453	4.20071253702
454	3.25087624856
455	2.91959673287
456	1.17925396086
457	0.205106955308
458	0.943263180195
459	2.27391023166
460	3.1448575828
461	2.33122787593
462	1.57209505647
463	2.42681431436
464	0.0351851567265
465	1.54307082547
466	1.28003484491
467	5.26826610991
468	0.00311853677247
469	3.843532307
470	1.37930292977
471	1.60000079595
472	1.56232476718
473	2.30381908031e-87
474	0.746560518816
475	1.4809719658
476	2.70136014793
477	0.00755578677045
478	5.4490810272
479	4.00529889965
480	1.97231520683
481	2.86511151909
482	0.139891650229
483	2.02334273619
484	0.33800593347
485	2.304
486	3.803648
487	3.07550769647
488	3.24105431196
489	3.45738372415
490	2.13458014897
491	3.2195633228
492	4.55053190184
493	2.19538908543
494	5.63855687745
495	0.671264629058
496	4.45266447766
497	2.44000272132
498	1.10781021186
499	0.9216
500	2.1346988924


input.PuShortWAuth.gz

451	0.552759925708
452	4.08196215924
453	3.93955400714
454	8.40159077067
455	2.0335919104
456	0.0566195138958
457	1.85761211137
458	0.000208111277323
459	0.1133861558
460	2.00912185018
461	1.45913789319
462	0.843980465112
463	0
464	0
465	0.00226658952457
466	1.6
467	0.86010240608
468	6.48108010477e-09
469	7.69570433523e-13
470	0.512107319037
471	0.00198090975093
472	0.668614838897
473	0
474	2.65568996408e-20
475	3.83452452268e-06
476	1.99205411811
477	3.2558664223e-26
478	0.512649127197
479	1.08938393818
480	0
481	3.4508731734e-08
482	1.10500747674
483	0.522663853472
484	1.0
485	1.24640317413e-29
486	3.82734643009
487	0
488	0.0166020696663
489	0.109850146728
490	0.845242170794
491	0
492	2.28472236652
493	6.73464376764e-06
494	6.14150457761
495	0.640000000008
496	2.92792182259
497	1.63968
498	0.0184467440737
499	3.57613827161e-43
500	1.84782085833


input.Scai9Web3.gz

451	0.35669957835
452	2.83458507795
453	2.88890258557
454	5.8678163874
455	1.90664075474e-12
456	0
457	0.0933940925306
458	0.394277903574
459	1.64516890297
460	2.61303433985
461	0.0638510994458
462	0.000166153499576
463	2.10745101807
464	0.0351843721947
465	0.262777871354
466	1.024
467	4.20754801241
468	1.8268770529e-05
469	8.72491185064e-07
470	3.52640365961
471	0.00386856262277
472	1.69432389914
473	0
474	6.27721372262e-07
475	0.108088990711
476	3.71364944119
477	0
478	0.000108899739462
479	1.93749678666
480	2.68156158599e-17
481	8.1542616207e-06
482	0.00249015257737
483	7.43666339849e-05
484	2.02872271513
485	0.00228177108041
486	0.345076165266
487	1.85943163417
488	0.00154742510583
489	0.400899774502
490	0.000798056578689
491	0.134217728
492	2.524288
493	2.38170513177e-15
494	5.06627189934
495	0.799550303466
496	2.10270963498
497	2.85302798875
498	6.51495729853e-26
499	0.80010633824
500	0.69253623281


input.CWI0002.gz

451	0.781982888286
452	0.433108354246
453	1.25852792276e-09
454	1.27866820621e-16
455	0.16777216
456	2.32588391775e-15
457	0.0568834612684
458	2.29176983119e-24
459	0.0144115896511
460	0.000633952685928
461	0.00193428131138
462	5.51340613919e-08
463	0.000990352031428
464	0.0879609578291
465	1.00000000371
466	0
467	0.174239612921
468	0.036028797019
469	0
470	2.12455850317e-20
471	0.000191408831393
472	0.000324518560832
473	0
474	0.0181818412408
475	0.000153127065114
476	0.454025589408
477	0.00126765060023
478	0.348921956411
479	1.0544205548
480	0.262153510093
481	0.370619657467
482	4.03061453218e-29
483	5.84600654932e-06
484	2.21582786512e-30
485	0
486	0
487	5.23742497263e-17
488	1.16303545293e-05
489	1.31640679802e-07
490	1.05691570874
491	2.0
492	0.000507094748823
493	1.00000025711
494	0.00977160518482
495	0.0835366602601
496	8.26319961074e-14
497	0.16777216
498	0
499	1.04296241988e-10
500	0.202937719087


input.CWI0010.gz

451	0.0328582628813
452	1.4449328031
453	0.894655590606
454	1.11357414398
455	1.33554442531
456	1.89713759006e-09
457	0.283702403114
458	5.78960736922e-09
459	0.268530336842
460	0.0549781837021
461	0
462	8.45695202087e-08
463	0
464	0
465	5.84344968336e-24
466	0
467	0.0215969542089
468	3.33901624231e-29
469	2.34833271234e-51
470	0.00207380659864
471	5.1868944611e-20
472	6.61055969006e-14
473	0
474	1.85922032717e-13
475	0
476	0.495404019278
477	0
478	9.13445198297e-06
479	0.0229308897429
480	1.38633493136e-14
481	0.023509628342
482	9.04745942553e-09
483	0.0552111491946
484	0
485	0
486	0.0288305205036
487	0
488	0.0906217124101
489	3.48449342409e-05
490	2.18266042275
491	2.59061636947e-51
492	0.107374182406
493	0.00241785167353
494	0.474500489979
495	3.21131072617e-05
496	0.0355978808238
497	9.71334446311e-10
498	2.07044260935e-51
499	1.76684706478e-08
500	0.263381940153


input.dcu00ca.gz

451	6.3350138882
452	3.60724472189
453	4.32055704132
454	7.68673102203
455	1.4958592
456	2.3845844366e-15
457	1.60833981152
458	1.1569741824
459	1.07949422345
460	1.70685275211
461	2.13554432
462	2.33707377733
463	3.68055903431
464	6.03847453919e-19
465	5.61151050477
466	2.512
467	2.64693902325
468	0
469	2.23741474563e-27
470	0.829030400171
471	0.0139457385197
472	1.00158456325
473	0
474	0.00979654927238
475	1.27413555013
476	0.98514423273
477	1.46150163733e-05
478	3.61023104481
479	5.37965487911
480	0.00680020773533
481	0.292406226094
482	0.000990366167436
483	2.00344690206
484	2.08705371988
485	2.304
486	4.88
487	0.51675634232
488	2.24621774538
489	2.71737789319
490	2.98088991101
491	2.00005621062
492	2.53224261134
493	3.0020547674
494	2.7279415626
495	5.80099805416
496	2.77612353477
497	3.24509953749e-07
498	1.30665721444
499	0.96777216
500	0.686430380835


input.dcu00la.gz

451	6.3350138882
452	2.88586119588
453	3.57486206832
454	7.68673102203
455	1.4958592
456	2.3845844366e-15
457	0.692719971518
458	0.740463476736
459	1.07949422345
460	1.70685275211
461	2.13554432
462	1.49633810302
463	3.68055903431
464	6.03847453919e-19
465	4.48951790997
466	2.512
467	1.69779542362
468	0
469	2.23741474563e-27
470	0.663224320171
471	0.0139457385197
472	0.51358456325
473	0
474	0.00832080974649
475	1.27413555013
476	1.27232893187
477	1.46150163733e-05
478	3.61023104481
479	5.37965487911
480	0.00680020773533
481	0.234279923045
482	0.000990366167436
483	1.44276623288
484	2.66497263336
485	1.8432
486	4.88
487	0.51675634232
488	2.11697419978
489	2.71737789319
490	2.98088991101
491	2.00005621062
492	2.14184261134
493	2.42547106692
494	2.7279415626
495	4.64178622502
496	2.37612353477
497	3.24509953749e-07
498	1.05065721444
499	0.80777216
500	0.686430380835


input.dcu00lb.gz

451	3.24352711086
452	2.30868947135
453	2.06072937898
454	7.14928042177
455	0.957349888
456	2.3845844366e-15
457	0.181599925912
458	0.473896625111
459	0.863595378883
460	1.70685275211
461	2.13554432
462	0.766130246837
463	2.35555778196
464	6.03847453919e-19
465	2.87329146244
466	2.512
467	2.12908034756
468	0
469	2.23741474563e-27
470	0.663224320171
471	0.0139457385197
472	0.262955296384
473	0
474	0.00626979153565
475	1.27413555013
476	1.25336069744
477	9.35361047892e-06
478	3.61023104481
479	5.37965487911
480	0.00680020773533
481	0.187423938438
482	0.000990366167436
483	0.738696311234
484	2.08972849777
485	1.47456
486	4.88
487	0.51675634232
488	1.35486349411
489	2.17390231455
490	1.90776954305
491	1.28004468603
492	2.02579411542
493	1.94037685354
494	2.18235325018
495	4.49208757956
496	1.89846412101
497	2.59607962999e-07
498	0.840525773361
499	0.5169741824
500	0.43933312063


input.dcu00lc.gz

451	4.05440888848
452	3.60724472189
453	2.7766417173
454	7.14928042177
455	1.4958592
456	2.3845844366e-15
457	0.354612351885
458	0.740463476736
459	1.07949422345
460	1.36393763381
461	2.13554432
462	0.612265642726
463	2.35555778196
464	6.03847453919e-19
465	3.59161432797
466	2.512
467	2.12213905451
468	0
469	2.23741474563e-27
470	0.829030400171
471	0.0139457385197
472	0.328329037107
473	0
474	0.00783723941864
475	1.27413555013
476	0.785035910594
477	3.06499108173e-06
478	3.61023104481
479	5.37965487911
480	0.00680020773533
481	0.262637456702
482	0.000990370909049
483	1.01696872083
484	2.08705371988
485	1.47456
486	4.88
487	0.51675634232
488	1.7969741963
489	2.17390231455
490	2.38471192881
491	2.00005621062
492	2.53224261134
493	3.0020547674
494	2.18235325001
495	5.80099805416
496	2.77609030407
497	2.59607962999e-07
498	1.04532577155
499	0.80777216
500	0.549166308743


input.Flab9atd2N.gz

451	6.46523059599
452	6.18832446343
453	3.47742335565
454	8.6221226076
455	1.9502950266
456	0
457	0.358463859557
458	0.73728
459	4.14204975592
460	8.07925152684e-67
461	3.112
462	2.02504261381
463	2.77151821314
464	0.640575116713
465	4.39761180208
466	2.0
467	4.67752804373
468	0.00755645721868
469	0.000649038321485
470	0.535817252917
471	1.02702231458
472	3.24479848434
473	0
474	1.42724769271e-05
475	0.0308148653587
476	1.84200579649
477	0.000519631420365
478	5.68047989443
479	3.31146152253
480	1.00286253407
481	3.5420715201
482	0.415793025917
483	3.32940763113
484	1.32074142576e-29
485	0.75497472
486	5.148288
487	4.63963813501
488	0.631624058558
489	1.25621790951
490	3.55035734635
491	2.80040806533
492	6.70914382701
493	5.25466292004e-39
494	3.26135834489
495	4.08141385251
496	4.49106247948
497	0.0115549084688
498	1.02400040192
499	0.854975581389
500	0.272002271096


input.Flab9atdN.gz

451	5.69210869328
452	6.13303531018
453	3.50717178835
454	8.8648639113
455	1.99244992777
456	1.9470348728e-47
457	0.534721123915
458	2.80578286926
459	5.13949351378
460	0.0037778931863
461	2.4592
462	1.51828746732
463	1.97056031385
464	0.640007350644
465	0.0294155258265
466	2.0
467	4.69470446787
468	0.000519230657958
469	3.43235688016e-07
470	0.559472402033
471	0.830729215668
472	0.000250035540186
473	0
474	0.00193428131138
475	0.0304132850529
476	1.45696027693
477	0.00309486140603
478	5.88579887106
479	3.25902103704
480	0.640017840597
481	3.04943129802
482	0.390626239646
483	3.21219244757
484	3.38460656021e-14
485	0.9437184
486	5.148288
487	3.96563606805
488	0.932147376738
489	2.03284803649
490	4.00187720278
491	2.51393433078
492	6.86074811968
493	1.54157018042
494	2.60689822483
495	4.08596161147
496	4.61348421132
497	0.0115794093912
498	0.665724257577
499	0.818014398509
500	0.521091340075


input.Flab9atdnN.gz

451	5.31390436608
452	5.96205068725
453	4.93502879674
454	8.06781298254
455	1.65175445217
456	2.68199839665e-86
457	0.651898148458
458	0.302501625046
459	5.47417874462
460	1.42824396837
461	2.792
462	1.20053825081
463	2.59611330519
464	3.76611316706e-50
465	0.00779707185978
466	2.0
467	4.25505827118
468	0.000170141250372
469	1.82687704695e-05
470	0.658506056696
471	1.02499035207
472	0.000144173630785
473	0
474	9.84025245785e-29
475	0.00763490083096
476	1.44994832522
477	0.0024758800843
478	5.74712662621
479	3.31143514761
480	0.424415130149
481	3.03340702329
482	0.339737005423
483	2.91500653123
484	1.10841734426
485	0.603979776
486	3.9547904
487	3.48116227011
488	1.55321625954
489	2.46110419631
490	5.00940196054
491	2.82376072722
492	6.59624953539
493	4.63738958286
494	7.57056695997
495	5.07346403531
496	4.80045958079
497	0.0092599565668
498	0.822348018385
499	0.818014398509
500	1.03957134189


input.Flab9atN.gz

451	7.13350321595
452	4.9930301039
453	1.38994654205e-05
454	4.92718077482
455	1.91067639498
456	1.90338164285e-31
457	0.615142610051
458	2.50561855226e-38
459	5.32290781501
460	1.53249554091e-06
461	2.4592
462	1.41762368411
463	0
464	0
465	0.00769527587313
466	2.0
467	4.79768969835
468	0.0563095892067
469	0.000109054908072
470	0.220651371883
471	0.214762639648
472	0.409685078008
473	0
474	0
475	0.0289293762566
476	0.877222535127
477	1.24216486692e-09
478	1.02885161484
479	2.39346953914
480	9.37463191072e-44
481	2.63261786654
482	0.256971030296
483	1.90536695872e-15
484	2.7165970581e-36
485	2.304
486	5.148288
487	0.688683303724
488	0.346607012262
489	1.51795729812e-78
490	0.489733455616
491	0.000216417923517
492	6.89902517505
493	0
494	5.49943264643
495	4.54911465097
496	3.42554606572
497	1.43510862758
498	1.28
499	0.835184372089
500	0.108140871623


input.hum9td4.gz

451	7.18154692653
452	2.74994299921
453	2.2929797962
454	7.33505814554
455	4.17972911309
456	9.68305684342e-57
457	1.37736810074
458	0.00319233657308
459	1.84395571091
460	0.167925789373
461	2.49934046511
462	0.127072390491
463	6.79769072682
464	2.41868516325
465	0.518922875308
466	1.6
467	3.08404906726
468	0.00406070957386
469	3.45874445842
470	4.66448307304
471	0.524288003705
472	2.29151641809
473	0
474	0.0583920600284
475	1.61971139478
476	4.78756709399
477	5.57519297459e-05
478	1.48703530044
479	3.39586179499
480	1.16528704277
481	2.97915072451
482	0.0498726557224
483	1.11139154213
484	0.00980287202699
485	2.88
486	4.572435456
487	3.85291099569
488	1.86921795425
489	1.61493205697
490	5.61138139749
491	2.76736032139
492	2.09152292359
493	4.50032249742e-05
494	6.59403999306
495	5.09426453642
496	2.01272503487
497	0.989464556388
498	1.9551584275
499	1.64
500	0.000246585026631


input.hum9tde.gz

451	5.98474846831
452	2.69022691944
453	1.8810433415
454	6.61257090248
455	4.4422984919
456	0
457	0.0806505397022
458	0.34891607014
459	0.175553013374
460	0.17249692353
461	3.27518437209
462	0.0282267736085
463	6.01568339908
464	2.19454638096
465	0.512000000017
466	0.00101412048018
467	2.21843202841
468	4.82758348032e-10
469	5.31989598979
470	4.57633965549
471	1.28
472	2.04866432898
473	0
474	3.8274609619e-22
475	2.01719199976
476	4.44388301098
477	3.79427518013e-09
478	1.50417400171
479	3.83062647517
480	0.557725494035
481	2.98569093427
482	0.00111042806746
483	1.87551950833
484	7.30750888701e-06
485	3.6
486	3.3379483648
487	2.92156093406
488	1.91824375256
489	1.50483888713
490	5.45231889576
491	2.58697216769
492	0.0693959163504
493	1.44763596972e-08
494	7.40447634729
495	4.35271578915
496	1.44787647787
497	1.34189962896
498	2.54995116278
499	1.312
500	4.25739469752e-08


input.hum9tdn.gz

451	6.77906861502
452	4.69206322592
453	2.62263281335
454	4.75615867774
455	4.2442628276
456	0.00472238856866
457	1.55800839079
458	2.50814347674
459	0.710870425857
460	0.214876402578
461	2.82702231455
462	0.0305869275632
463	5.71217852855
464	2.00000026644
465	6.85793672253
466	1.60000050217
467	4.76406829096
468	2.83723902566e-06
469	4.34107026502
470	3.18507902809
471	1.6
472	1.76748053876
473	0
474	0.00302231454943
475	2.09267168394
476	4.55879481406
477	0.000811296384146
478	0.61673737435
479	3.44955204265
480	1.25560615554
481	3.62382172566
482	0.158886521998
483	1.65648923961
484	0.66349306983
485	1.47456
486	4.47579869184
487	3.3739188115
488	1.86005482111
489	1.22007910196
490	5.09828578417
491	3.392
492	3.34871948584
493	1.164288
494	6.23427195693
495	4.16542998676
496	2.62625957756
497	0.439063248729
498	1.95586861654
499	1.64
500	1.75948687406


input.hum9te.gz

451	7.10263232212
452	0.832364265389
453	2.16478820581
454	7.46751011066
455	4.48981384652
456	7.05268918534e-40
457	0.0699777489172
458	9.78785452287e-13
459	0.223912396714
460	2.28033983621
461	3.09441151881
462	0.412836387272
463	1.7713512768
464	1.98301933506e-06
465	0.00482870534512
466	0.524288002964
467	3.54580593505
468	6.1364443316e-10
469	5.31335218319
470	2.74804233716
471	3.49960115965e-11
472	0.00751590340722
473	0
474	1.71619941503e-17
475	2.69864567068
476	3.50137597168
477	2.32104643917e-46
478	1.82860573055e-07
479	4.33316574041
480	0.0271786738929
481	2.85572544779
482	0.00111042806746
483	0.00806316800029
484	1.76128
485	2.304
486	4.55936
487	1.58117215896
488	1.1068821343
489	0.0707289584953
490	4.97806132856
491	1.42856772252e-05
492	4.76100186163
493	0
494	7.51249887099
495	5.58982330674
496	2.78494247209
497	2.50871980239
498	1.65147172143
499	1.44
500	0.000178896910286


input.iit00m.gz

451	7.71628652933
452	6.05054289576
453	3.14547056905
454	5.63801697387
455	5.88600517797
456	1.42296247564
457	6.43952245071
458	3.0339005214
459	6.48779504651
460	0.444431063319
461	2.80001141988
462	2.43629810607
463	6.33992037093
464	4.32015925996
465	4.26282851319
466	2.8
467	6.62471899266
468	5.51958853311
469	5.1232
470	4.78067281335
471	6.21654045513e-10
472	1.84453289308
473	0.2097152
474	1.99451968239
475	1.22050407034
476	5.57666046711
477	0.370728692089
478	6.48398009197
479	6.10823930705
480	2.58438350426
481	3.95695410962
482	5.39201504086e-08
483	4.36579530252
484	1.68037692482
485	0
486	5.904
487	0.867363226601
488	2.04964779045
489	3.63460798984
490	5.18484674472
491	5.18288066238
492	6.87451401543
493	4.15809606019
494	8.286095145
495	6.39859243136
496	1.8775597969
497	0.498635636737
498	2.98880924265
499	1.03518437209
500	1.51201824233


input.iit00t.gz

451	6.63892583796
452	0.640000401735
453	8.03977923532
454	8.99550147658
455	4.79502638029
456	0
457	0.478349045859
458	1.7226532422e-05
459	3.39323757615
460	1.00941635063
461	2.75200467681
462	0.87502975704
463	0
464	0.410596198356
465	0.00472236648581
466	1.28
467	1.07532239176
468	0.099623223357
469	5.01743895347
470	1.2397923115
471	0.33554432
472	1.03483811791e-07
473	3.53001744839e-24
474	7.98124245656e-05
475	1.42163362894
476	1.27073052453
477	3.7336625667e-37
478	6.42775224802e-07
479	2.82812621312
480	1.35862647294e-18
481	4.42400862207
482	0.332250339362
483	1.92646933034
484	0.434689653577
485	0
486	4.0987904
487	0
488	0.570284178092
489	0.601353222548
490	2.49668901801
491	0.000136112946768
492	7.14291396496
493	9.08696402579e-84
494	5.89204756429
495	4.992127543
496	0.029597679641
497	0.416871926727
498	1.1566851718
499	0.00788575786958
500	1.99926736688


input.iit00td.gz

451	6.03813208902
452	1.91266835545
453	5.86465848413
454	9.26375711384
455	4.19382599489
456	3.45143530041e-77
457	0.0806261471971
458	3.44463367327
459	3.62218698606
460	0.00856240312378
461	3.44000730751
462	0.656390569599
463	4.50616946452
464	1.7624656403
465	1.07439263114
466	2.00000000905
467	2.55688642588
468	1.43091108691
469	5.05179869764
470	0.706285225755
471	1.6
472	0.241158178735
473	8.10452259547e-20
474	1.67483423783
475	1.34853308717
476	2.90371993629
477	2.77266969412e-14
478	4.76706437282
479	2.91909561839
480	0.836320407789
481	4.68819019342
482	0.405635269047
483	1.47852363181
484	2.49947338891
485	0.00870426590123
486	3.967488
487	3.26696608887
488	1.35099600992
489	1.3872035126
490	3.68816267171
491	1.61920003059
492	6.85960447635
493	4.28565180425
494	7.84421951479
495	4.53547079456
496	0.186804035563
497	1.01242271741
498	2.30758521164
499	0.023310279762
500	1.8550017829


