input.acsys9mw0.gz

451	3.69442775846
452	2.73501546285
453	1.58229097961
454	3.60470172798
455	0.243164077401
456	0.312501922251
457	2.18780723709
458	0.297920243822
459	1.75392917195
460	0.289125707048
461	1.25
462	1.50251693378
463	2.76728064664
464	1.0
465	3.32815560329
466	2.125
467	3.34410119825
468	3.38525390625
469	2.8125
470	0.565551758278
471	0.562500953674
472	0.0156707763672
473	0.0001220703125
474	0.750274658203
475	2.01611760288
476	0.985336007506
477	1.16415321827e-10
478	1.8389297101
479	2.05834478001
480	0.000976592302433
481	2.97265625396
482	4.36751363428e-22
483	1.54882812686
484	0.55078125
485	1.5
486	1.56640625
487	1.82911491394
488	6.31809816714e-05
489	0.705322533962
490	0.107645199221
491	2.00000011922
492	3.68603936025
493	1.77549661153
494	0.79786729825
495	0.00392176210882
496	2.0831165351
497	0.000762939453125
498	0.250036299229
499	0
500	0.500022895634


input.apl9all.gz

451	3.41815615074
452	2.45024289121
453	3.65236390923
454	2.95929795746
455	2.0688324431
456	9.31329680043e-10
457	0.157227754593
458	0.00146484379553
459	1.26379777545
460	0.000246226787574
461	1.125
462	1.18798828125
463	1.78957366993
464	0.125
465	1.57044410799
466	0.5
467	2.76578811475
468	6.10379502177e-05
469	3.75
470	4.80562448502e-07
471	2.0
472	2.1416015625
473	0
474	1.45519152284e-11
475	0.0398035163853
476	1.00394067221
477	5.96046447754e-08
478	1.66220189305
479	1.94339085745
480	0.00489044189454
481	0.0744784181079
482	0.00207521021366
483	1.11718750151
484	0.0781860351708
485	0.75
486	2.78125
487	1.60977220535
488	9.15536948014e-05
489	0.252197356082
490	0.820345401851
491	2.25000000012
492	3.50000084961
493	2.56689488891
494	2.48341561576
495	0.288471809103
496	2.54328203225
497	0.503921508789
498	0.129272460938
499	0.125003814697
500	0.00439548538998


input.apl9lt.gz

451	0.2543049456
452	0.140641346581
453	0.00110414751548
454	0.000129715121705
455	2.06251496475
456	5.32244980001e-110
457	1.75000000931
458	1.16415321827e-10
459	0.00151603072482
460	1.1953125
461	1.12524414062
462	0.125170707703
463	1.2219745454e-150
464	3.30872245021e-24
465	0.000244140625
466	1.08420217249e-19
467	0.0256447034052
468	9.53674316406e-07
469	1.31250000186
470	2.22071709979e-16
471	7.62939453125e-06
472	1.078125
473	3.66136917455e-245
474	2.27610495947e-159
475	0.00128966581542
476	1.90737519079e-05
477	4.5917748079e-41
478	1.38777878078e-17
479	0.846863217658
480	1.97420635349e-177
481	0.000626593832756
482	2.32830643654e-10
483	1.287109375
484	5.69026239868e-160
485	0.75
486	0.00341802835464
487	0.0625615200262
488	2.14576721902e-06
489	0.00195324420929
490	0.00219726750226
491	6.31746033118e-176
492	2.30289602839
493	4.93038065763e-32
494	0.222657118715
495	3.69319144712e-127
496	3.93763417783e-06
497	1.25195312503
498	0.0625
499	0.000122070327052
500	3.82216240258e-06


input.apl9ltdn.gz

451	1.38437271881
452	1.37549018956
453	2.92775304313
454	0.670915901683
455	1.06830598123
456	0.269653439537
457	1.00048828172
458	7.4505815407e-09
459	2.22852410034
460	0.562637457625
461	0.515747070312
462	1.32616511202e-23
463	0.5022010915
464	5.96046447754e-08
465	0.260019570589
466	1.73472347598e-18
467	0.0676282356065
468	5.68434188608e-14
469	3.50391483307
470	1.4552137273e-11
471	0.25
472	2.31372070313
473	0
474	4.70197740329e-38
475	0.0646724707482
476	7.73112044563e-05
477	1.13686837722e-13
478	1.84827804589
479	0.952728391017
480	4.72938143509e-10
481	0.0234985501013
482	3.05175781539e-05
483	1.27346801758
484	1.25000011924
485	0.000732421875
486	0.101623535156
487	0.506595790386
488	6.48545101856e-05
489	0.812988758088
490	0.0313434638084
491	2.15625
492	3.23152592045
493	0.892578125
494	0.000248689204704
495	0.13014845878
496	0.291755797341
497	1.00000190735
498	0.162109375
499	0.00390626490116
500	1.03131914139


input.apl9t.gz

451	2.81445540489
452	0.281391628207
453	0.00508737599684
454	0.00830323436225
455	2.06251514424
456	3.69319144712e-127
457	0.125030526891
458	7.57665965588e-10
459	0.0244609250286
460	1.01369014035e-28
461	1.015625
462	0.0096435546875
463	6.62433728422e-170
464	3.38813178902e-21
465	3.81469726651e-06
466	1.38777878078e-17
467	1.25928718451
468	7.27596113784e-12
469	1.01025390625
470	5.82076609135e-11
471	0.00048828125
472	1.50391387945
473	1.87462101737e-242
474	5.47952337252e-194
475	0.079178839922
476	0.00109911180334
477	1.23260456836e-32
478	1.61558713389e-27
479	1.80468951981
480	1.2219745454e-150
481	0.0198402703396
482	4.65661287308e-10
483	1.27734375047
484	2.40992216338e-181
485	0.75
486	2.75006103516
487	0.00318960100776
488	1.52587931552e-05
489	0.00024414063239
490	0.125001446577
491	4.44551749897e-162
492	2.04744008283
493	8.67361737988e-19
494	1.02458834016
495	2.25415376924e-131
496	0.00225880742079
497	1.75000190735
498	0.5
499	0.250000119209
500	0.00195314374287


input.apl9td.gz

451	2.66033962369
452	2.45022812227
453	3.65251160448
454	1.97522130737
455	2.01390838659
456	0
457	0.136734098196
458	0.00201416250002
459	0.411010745462
460	7.45149009168e-09
461	1.125
462	1.46099901199
463	2.59472799302
464	0.00390625
465	1.50001525879
466	3.81469726562e-06
467	2.62899425686
468	0.000976565293968
469	3.75
470	2.68220901489e-07
471	2.0
472	2.26586914063
473	0
474	1.81898940355e-12
475	0.128977777437
476	1.00393776971
477	2.32830643654e-10
478	1.83154299856
479	1.89673246544
480	0.125244140626
481	0.0803605467154
482	0.00781655311585
483	1.17578125291
484	7.62962736189e-06
485	3.0
486	3.28125
487	1.55474114418
488	4.57764836099e-05
489	0.0317384602387
490	0.625489532969
491	1.25
492	3.24829224497
493	2.00585952402
494	2.08704046533
495	0.411482370193
496	2.19146779193
497	1.064453125
498	0.125036239624
499	0.125000119209
500	0.00195314222947


input.apl9tdn.gz

451	3.05029535393
452	2.37939548562
453	3.79793861607
454	3.11573834023
455	1.1405032929
456	1.03128064051
457	0.500000019092
458	1.49011785215e-08
459	2.8759342013
460	0.0332489649301
461	0.265625
462	6.52303475152e-26
463	0.625246287469
464	3.81469726562e-06
465	1.69146829847
466	8.881784197e-16
467	2.25412410315
468	5.42101086245e-20
469	2.81250572205
470	9.0949475683e-13
471	2.0
472	2.09570324433
473	0
474	7.52316384526e-37
475	0.352966369161
476	0.0627765661085
477	9.53674316406e-07
478	1.85137970373
479	1.95337022358
480	3.06367875496e-05
481	0.00635153893757
482	0.0009766221051
483	1.11328125002
484	0.2587890625
485	0.0234375
486	1.640625
487	0.815078737214
488	0.000128269195574
489	0.562501199791
490	2.37574771792
491	2.25195312512
492	2.62262361497
493	2.40673829196
494	0.44287607082
495	0.110012792639
496	2.4244689942
497	0.00097656253638
498	0.1796875
499	0.500122070312
500	0.250062048669


input.att0010gb.gz

451	3.3613662729
452	2.12500000003
453	0.988962724966
454	0.323448607881
455	1.06251526624
456	1.18694596822e-66
457	1.26611333528
458	1.52592657523e-05
459	3.53662109375
460	0.0244150161744
461	2.25
462	1.75006872416
463	0
464	0
465	2.16840848087e-19
466	1.0
467	0.570312500016
468	6.15119934082e-05
469	1.00048828125
470	0.0312502682209
471	7.27595783441e-12
472	1.0000000298
473	0
474	8.47032947254e-22
475	0.50006128836
476	1.50272801362
477	0
478	4.38831193605e-11
479	0.516128659249
480	1.47881523271e-272
481	1.27493834507
482	7.62951094835e-06
483	8.94360709935e-08
484	1.00787353516
485	0.046875
486	3.50390625
487	0
488	0.03127127979
489	7.62939453125e-06
490	1.12597674876
491	1.2621774485e-29
492	2.95216369631
493	8.64516353565e-224
494	1.8920374729
495	0.796960659391
496	2.06293488666
497	1.62548828125
498	1.0
499	0.0312538146973
500	0.0175783634768


input.att0010gbe.gz

451	3.39990329742
452	3.50164444191
453	2.31426270841
454	2.68239240978
455	2.12719560461
456	0.0156250596046
457	9.3133413503e-10
458	3.73000486054e-09
459	3.66918995977
460	1.05640088034
461	1.625
462	1.04114532471
463	0
464	0
465	2.93312041322e-11
466	8.88180113766e-16
467	2.03633222124
468	7.17639977379e-43
469	2.40741243048e-35
470	0.000251770137766
471	1.52587890625e-05
472	1.00000047684
473	0
474	7.85454954448e-90
475	0.383545279504
476	1.25023089393
477	1.08420217249e-19
478	7.45058060039e-09
479	1.00012256211
480	2.05902303579e-84
481	2.78838003159
482	2.98032318841e-08
483	2.85746847821e-101
484	1.03960442511e-112
485	0.09375
486	1.134765625
487	0
488	2.12964117527
489	3.81469726607e-06
490	0.0333252031123
491	0
492	2.12119518244
493	3.69319166725e-127
494	2.67751134979
495	0.19250494898
496	3.01565553622
497	0.828125
498	0.5
499	0.25390625
500	0.501955278683


input.att0010gbl.gz

451	3.38478088472
452	2.125
453	0.445892577409
454	0.323448607881
455	2.06286624097
456	3.63797880709e-12
457	1.28125000108
458	1.52592657523e-05
459	3.50293166004
460	0.0625049117662
461	2.25000000003
462	1.75787377357
463	0
464	0
465	7.70371977755e-34
466	0.03125
467	0.570312500016
468	0.257820129395
469	0.50048828125
470	0.0312502682209
471	2.38536813413e-07
472	1.0
473	0
474	2.08809742976e-53
475	0.50006128836
476	1.50273996337
477	0
478	0.0312504768372
479	1.50061421332
480	1.07952106939e-78
481	1.35761380196
482	3.14712524982e-05
483	1.16472165246e-10
484	0.0175781250582
485	0.1875
486	3.5625
487	0
488	0.00247243046767
489	0.00195312505821
490	2.00031089783
491	0.000133514404297
492	2.97607423179
493	0
494	1.60849763454
495	0.318467245137
496	2.06293488666
497	1.62548828125
498	1.0
499	0.251953125
500	0.0351715090219


input.att0010gbt.gz

451	3.03821229935
452	2.03515625
453	0.986512422609
454	0.259622934806
455	1.12512210011
456	7.24454326306e-71
457	2.0187997818
458	1.96695509691e-06
459	3.53158569336
460	3.05175954624e-05
461	1.5
462	1.64064884186
463	0
464	0
465	2.84217094304e-14
466	1.0
467	0.570312500016
468	9.57399606705e-07
469	1.00048828125
470	0.0078127682209
471	0.0625
472	1.0
473	0
474	6.16297582204e-33
475	0.50006128836
476	1.50136400681
477	0
478	0.00439454615116
479	0.125030525087
480	7.39407616354e-273
481	0.142090156743
482	0.0039063692675
483	3.81469726562e-06
484	1.00393676758
485	0.09375
486	3.15625
487	0
488	0.171890259269
489	0.0312502384186
490	0.00195313990844
491	1.26217744843e-29
492	2.61600120412
493	1.35080680245e-225
494	1.95343019112
495	1.0002746582
496	2.50021744892
497	1.00000000029
498	5.96046447754e-08
499	0.2509765625
500	0.00104141328507


input.att0010glf.gz

451	3.32169345021
452	2.275390625
453	0.675252929344
454	0.272497279827
455	2.12555050105
456	4.65888660983e-10
457	1.00001525995
458	0.00195312686276
459	3.50292992999
460	0.000976562500014
461	1.75
462	1.53235115111
463	0
464	0
465	2.71050543121e-20
466	0.03125
467	0.570312500016
468	0.00805670022965
469	0.50048828125
470	0.0039065182209
471	1.0
472	0.0312500000073
473	0
474	9.49556774576e-66
475	0.50006128836
476	0.626369981685
477	0
478	0.00989007962926
479	0.312538206757
480	1.3177747429e-82
481	0.287967279553
482	0.00201416018717
483	0.00048828125
484	0.00781250001455
485	0.046875
486	3.625
487	0
488	0.109375029926
489	3.87431646232e-06
490	0.531250000931
491	6.38961791992e-05
492	2.6242069006
493	0
494	0.468811274257
495	0.0645790104754
496	2.50021554157
497	0.500000000009
498	0.0078125
499	0.15625
500	0.00784695148468


input.att0010glv.gz

451	3.3911752701
452	2.25
453	0.675252929344
454	1.01920120614
455	2.12501907721
456	1.35525271561e-20
457	1.50006121491
458	0.00195312686276
459	3.53321171179
460	0.000976562500014
461	2.0
462	1.75149536133
463	0
464	0
465	2.71050543121e-20
466	1.0
467	0.570312500016
468	0.00782012940181
469	1.00048828125
470	0.0039065182209
471	0.015625
472	1.0
473	0
474	6.31088724177e-30
475	0.50006128836
476	0.751369981681
477	0
478	0.00989007962926
479	0.515930414216
480	1.54903676594e-120
481	1.26207233966
482	1.9073487465e-06
483	0.000244140625004
484	1.00781273842
485	0.09375
486	3.53125
487	0
488	0.0645756726227
489	3.87431646232e-06
490	1.00000000187
491	3.07336467387e-08
492	2.6241455381
493	0
494	0.468811274257
495	0.579106667087
496	2.50021554157
497	0.500000000009
498	0.0625
499	0.046875
500	0.00147342681885


input.CWI0000.gz

451	0.00048828125
452	1.78131103609
453	0.0332031252475
454	0.938964873791
455	0.5
456	9.72346137166e-63
457	0.00196875631811
458	1.61558713389e-27
459	0.0937500153668
460	0.00799922645092
461	0
462	3.30872245021e-24
463	0
464	0
465	4.47034835815e-08
466	0
467	0.001953125
468	1.60861174671e-86
469	8.75811540203e-47
470	0.00781250000001
471	6.81273574401e-108
472	1.19209744298e-07
473	0
474	4.16000867988e-32
475	0
476	0.168716413542
477	0
478	1.0
479	0.722660187632
480	1.83670992316e-40
481	1.90734867829e-05
482	8.47033149203e-22
483	1.11022302466e-16
484	0
485	0
486	0
487	0
488	3.05185103575e-05
489	0.0625000000018
490	0.500000476844
491	0.25
492	0.500001907349
493	7.88860905221e-31
494	0.00805807212703
495	1.11910480882e-13
496	0.0625
497	3.0517578125e-05
498	0
499	0
500	0.0166091920109


input.isnnwt.gz

451	3.0
452	9.8181869306e-91
453	0.0224657069994
454	2.125
455	0
456	0.00048828125
457	1
458	6.48498535156e-05
459	0
460	5.96046448309e-08
461	0.25
462	1.0625
463	0
464	0
465	1.16415321827e-10
466	0
467	2.32830643654e-10
468	0
469	0
470	0
471	0.03125
472	1
473	0
474	0
475	0
476	0
477	0
478	0.25
479	0
480	0
481	0.5
482	0
483	0
484	0
485	4.06575814682e-20
486	0.0322265625
487	0
488	6.16448054664e-33
489	0.0078125
490	0
491	2
492	1.12509155273
493	0
494	2.15661621099
495	0
496	2.5078125
497	1.13686837722e-13
498	0
499	1
500	1.0


input.iswt.gz

451	1.45519152284e-11
452	5.96046447754e-08
453	0.318792417763
454	1.67042783648
455	0.133056640625
456	4.76837158203e-07
457	0.500000000007
458	0.000274658560648
459	0
460	7.6293945348e-06
461	6.61744490042e-24
462	0.766815185547
463	0
464	0
465	1.79366203434e-43
466	0
467	3.24249267578e-05
468	0
469	0
470	0
471	0.03125
472	7.62939453125e-06
473	0
474	5.99878725558e-241
475	2
476	0.21875
477	0
478	0.0625000000014
479	0
480	8.20053235787e-143
481	0.5625
482	1.96363738612e-90
483	1.0
484	7.71174356833e-180
485	1.24744917188e-111
486	1.0
487	0
488	1.26217748598e-29
489	0.500244140683
490	3.91439132814e-295
491	2
492	3.265625
493	0
494	2.07031726837
495	8.24467042508e-230
496	1.03125
497	9.09494701879e-13
498	1.08420217249e-19
499	1
500	3.15544362088e-30


input.iswtd.gz

451	4.76837158203e-07
452	1.62573242188
453	0.0703914254273
454	1.67585190246
455	0.133056640625
456	2.38418579102e-07
457	1.515625
458	1.00000000374
459	0
460	2.98023223877e-08
461	1.25
462	0.40625
463	0
464	0
465	1.26217744835e-29
466	0
467	1.00001527369
468	0
469	0
470	0
471	0.03125
472	3.29443685726e-83
473	0
474	4.46944479315e-249
475	2
476	0.1875
477	0
478	0.015625
479	5.8535083573e-259
480	5.12533272367e-144
481	0.5625
482	0
483	1.0
484	0.5
485	3.80691275597e-116
486	1.00003051758
487	0.375513076782
488	4.03896795513e-28
489	0.5009765625
490	7.49848406948e-242
491	2
492	0.64111328125
493	0.0785331754014
494	1.51763924956
495	1.1161986243e-103
496	3.25
497	0
498	4.52783953941e-72
499	1
500	0.25


input.iswtdn.gz

451	1.56412741811e-148
452	0.0625
453	0.0042777368946
454	2.00000000093
455	0.133056640625
456	4.76837158203e-07
457	0
458	1.42449607665e-10
459	0
460	1.49011611939e-08
461	1.00000011921
462	3.60664001157e-130
463	0
464	0
465	1.75162308041e-46
466	0
467	4.27642353615e-50
468	0
469	0
470	3.74924203474e-242
471	0.03125
472	1.3177747429e-82
473	4.00416619037e-146
474	8.76723739603e-193
475	2
476	0.187561035156
477	5.82076609135e-11
478	0.03125
479	1.30077963496e-259
480	4.22127125764e-227
481	0.5625
482	0
483	2.25
484	0.5
485	0.1875
486	0.5
487	1.50205230713
488	7.45421857573e-09
489	0.5009765625
490	0
491	2
492	2
493	0.314311027527
494	0
495	0
496	2.078125
497	1.5
498	0
499	1
500	0.500000000058


input.jscbt9wcl1.gz

451	2.93546295382
452	0.615247960586
453	0.505377616333
454	3.13840637374
455	0.32104162511
456	0.125000060652
457	0.500000037253
458	1.26794433594
459	0.41409301851
460	0.000496150038771
461	1.0
462	0.0078125000002
463	0.751008160682
464	0.343781486154
465	3.37878859229
466	0.500007629395
467	0.148834236228
468	0.0938720703132
469	3.75195598602
470	2.03187561036
471	2.0
472	0.133190155029
473	3.94430452611e-31
474	0.000488282181323
475	0.00933149832422
476	1.91468799384
477	1.7763568394e-15
478	1.75926143674
479	1.74938776046
480	1.75048828125
481	2.1435883716
482	0.25
483	0.207069397475
484	0.0332374910358
485	0.75
486	3.53125
487	0.0754243135525
488	0.160659808668
489	1.02381183254
490	2.83422900908
491	0.65625000003
492	3.72158737481
493	0.000744246419345
494	2.39475583936
495	0.0376577374379
496	3.19532848454
497	3.81469729416e-06
498	1.75787353516
499	0.5
500	0.379035949708


input.jscbt9wcs1.gz

451	3.67935180664
452	0.136590489571
453	8.19083046546e-10
454	3.52924553959
455	2.24223904498
456	2.75285707858e-20
457	0.500976578111
458	1.43495152276e-42
459	1.92578125221
460	3.3534945502e-08
461	1.37500000003
462	1.38025683642
463	0
464	0
465	8.96831017181e-44
466	0.25
467	0.0872804690157
468	3.81493015311e-06
469	2.8125
470	0.256851196289
471	0.015625
472	2.11758236814e-22
473	2.73976168626e-194
474	7.62939453125e-06
475	0.00781384483728
476	1.00121650116
477	1.68675167092e-80
478	1.51273121674e-123
479	1.97829786178
480	6.10407441854e-05
481	2.47333100488
482	0.000122070312528
483	8.18818989502e-06
484	1.35526346463e-20
485	3.0
486	3.53125
487	1.03229868535e-31
488	9.5367892095e-07
489	0.0312500074506
490	1.90283996525
491	1.45519152284e-11
492	3.62184907226
493	1.81898940355e-12
494	3.81522812513
495	0.93322222032
496	1.08691415435
497	0.0625038148137
498	0.534423828125
499	0.500000000029
500	0.000488549529123


input.jscbt9wll1.gz

451	3.69718170388
452	0.61526021211
453	0.510806113627
454	3.1384063699
455	0.32176641759
456	0.125000037311
457	0.500000031665
458	1.26788330078
459	0.41409301851
460	0.000496030807654
461	0.875
462	0.0078125000002
463	0.625184193617
464	0.343782432377
465	3.37878859229
466	1.00000762939
467	0.148834243737
468	0.0937576293946
469	3.75196456909
470	2.03176116949
471	2.0
472	0.0470890999131
473	1.29246970711e-26
474	0.000488341320306
475	0.700410723977
476	1.91531354966
477	8.67361737988e-19
478	1.13686851489e-13
479	1.74755534556
480	1.7509765625
481	2.39362290549
482	0.5
483	0.207069397475
484	0.0664158205036
485	0.75
486	3.53125
487	0.0724947452836
488	2.28234911064
489	1.01868487941
490	2.44946357717
491	0.593750000059
492	3.72131042182
493	0.19921875
494	2.39104795362
495	0.0362524984951
496	2.32032804763
497	0.00793457042892
498	1.75787353516
499	0.5
500	0.251984599978


input.jscbt9wll2.gz

451	3.4003067022
452	3.31166823137
453	0.516359547401
454	3.66074420517
455	0.286614001612
456	0.500124007463
457	0.50000013411
458	0.0664100758736
459	0.477058477816
460	0.000518858916632
461	0.875
462	0.000808730896553
463	0.765751396772
464	0.382843255997
465	1.23806843907
466	1.00003051758
467	0.587341562036
468	0.0937504768372
469	3.62501526158
470	2.53149449825
471	2.0
472	0.0869145626202
473	1.79366203434e-43
474	2.421438694e-07
475	2.22033711989
476	1.91524595227
477	5.42101086243e-20
478	1.54372978198
479	1.86673643726
480	1.53125190735
481	2.39261401282
482	0.250000000116
483	0.0957655906689
484	0.0635567903519
485	0.75
486	3.5625
487	1.38824462891
488	0.281496122716
489	1.0325021781
490	2.65332166245
491	0.687500059605
492	3.57890249975
493	0.0235939952847
494	2.37786102586
495	0.107079200419
496	2.31311137666
497	0.00488293170929
498	1.75393676758
499	0.500000000002
500	0.383120119572


input.jscbt9wls1.gz

451	3.42929077148
452	0.132739075845
453	1.86310175621e-09
454	3.84496716856
455	2.24233636446
456	2.75285707858e-20
457	0.265625060093
458	8.08634922579e-174
459	1.92578125221
460	1.49069848036e-07
461	1.28125000093
462	1.63184169168
463	0
464	0
465	4.37906605366e-47
466	0.25
467	0.0872959205883
468	1.52592547238e-05
469	2.8125
470	0.510749816895
471	0.015625
472	0.125125885127
473	2.29827867995e-187
474	1.90734863281e-06
475	0.019540369703
476	0.0450471790271
477	2.15904213877e-78
478	9.68147978712e-122
479	1.95759772603
480	0.000122081488371
481	2.47331071297
482	0.000122070312528
483	8.19564047739e-06
484	1.35526322766e-20
485	3.0
486	3.53125
487	5.16149342678e-32
488	0.000519037253994
489	0.0312500075088
490	1.91896276945
491	1.16415321827e-10
492	3.61872105124
493	3.63797880709e-12
494	3.58085396151
495	0.937101529489
496	1.08789080591
497	0.25
498	0.534301757812
499	0.500000000116
500	0.000488549587331


input.jscbt9wls2.gz

451	3.42538455129
452	0.272845786091
453	2.00116062613
454	0.091848454512
455	2.01612952357
456	1.00012207031
457	0.281250127162
458	1.73477641554e-18
459	6.10361639727e-05
460	5.5924846993e-09
461	0.781250001863
462	0.417969257571
463	0
464	0
465	4.13259732712e-40
466	1.0
467	0.375066857786
468	0.00391006475547
469	2.8125
470	2.00794410706
471	0.125
472	0.250019073603
473	0
474	8.04305873354e-87
475	5.01472710655e-32
476	0.0888760392284
477	2.01469195816e-87
478	1.86264514923e-09
479	1.87404769316
480	4.03896783473e-28
481	2.44221976446
482	0.0156250001164
483	3.81469726562e-06
484	5.68434189849e-14
485	3.0
486	3.53125
487	3.01777619338e-07
488	0.000122070341718
489	0.0156288149301
490	2.41998296246
491	4.54747350886e-13
492	3.00018405961
493	0
494	0.51052534721
495	0.897946744771
496	3.03131256439
497	3.95812094213e-09
498	0.50732421875
499	0.500000000004
500	9.55538794756e-07


input.Mer9Wt0.gz

451	2.0
452	0.251953125466
453	1.09467037141
454	0.790382422862
455	0
456	0
457	3.81469732247e-06
458	0.750061035214
459	0.0127030014992
460	0.266632416535
461	1.75
462	0
463	0
464	0
465	1.32348898008e-23
466	2.0625
467	3.02003015579
468	2.0
469	1.0
470	1.00390625
471	1.62428277588e-114
472	0
473	0
474	0
475	0.015625
476	1.01612881909
477	0
478	2.91038308905e-11
479	0.00830081980371
480	0
481	6.31088724177e-30
482	0
483	5.96046447754e-08
484	0.250244140625
485	3.0
486	3.0000000596
487	0.453190386994
488	2.38418692788e-07
489	0.00195694155991
490	2.50098611414
491	9.53674316462e-07
492	0
493	0
494	0.42626196798
495	0.0625
496	1.56280529501
497	1.265625
498	0
499	0
500	0.125


input.Mer9Wt1.gz

451	1.45519152284e-11
452	0.00195313245058
453	0.90554929525
454	1.25836181641
455	0
456	0
457	2.42624309976e-07
458	1.50003051758
459	0.00061225896934
460	0
461	0
462	0
463	0
464	0
465	0
466	0
467	0.500015258789
468	0.125
469	0
470	0
471	1.1985091468e-94
472	0
473	0
474	0
475	3.46944695195e-18
476	2.1250000298
477	0
478	0.632965565659
479	0.03125
480	1.55737421111e-207
481	0
482	0
483	0.0001220703125
484	0
485	0
486	0
487	1.5
488	2.98023223877e-08
489	1.0625
490	9.5367431642e-07
491	0.0009765625
492	0
493	0
494	1.73605349736
495	1.0000000596
496	1.57772181044e-30
497	0
498	0
499	0
500	0.0078125


input.Mer9WtdMr.gz

451	0.0625
452	1.07058715821
453	0.249405030219
454	0.625
455	0
456	0
457	9.68575651683e-07
458	1.50390672684
459	0.00015258975327
460	0
461	0
462	0
463	2.12507629395
464	0
465	1.16415321827e-10
466	0
467	0.01171875
468	0.25
469	2.72496714584e-51
470	0
471	1.79366203434e-43
472	0
473	0
474	4.54747350886e-13
475	0.501098632812
476	2.625
477	0
478	0.880867481232
479	0.03125
480	1.02064076299e-202
481	0
482	0
483	1.0
484	0
485	0
486	0
487	1.5009765625
488	1.90734863281e-06
489	1.5
490	0.500030517578
491	1.5
492	1.83670992316e-40
493	0
494	0.0142159666866
495	1.03125
496	1.9827670604e-118
497	0
498	0
499	0
500	0.03125


input.Mer9Wtnd.gz

451	6.61744490042e-24
452	0.500000059605
453	0.437286555767
454	0.750000000029
455	0
456	0
457	2.38419693233e-06
458	1.7500004769
459	0.000984191909083
460	0
461	0
462	0
463	1.1611328125
464	2.50521045001e-293
465	1
466	0
467	0.0156250074506
468	0.25
469	0
470	0
471	3.85185988877e-34
472	0
473	0
474	1.16415321827e-10
475	1.0625000596
476	2.625
477	0
478	0.955200195342
479	0.03125
480	1.82877982605e-99
481	0
482	0
483	0.015625
484	0
485	0
486	0
487	1.5078125
488	0.140625
489	0.0390625
490	0.250007629395
491	1.5
492	6.77626357803e-21
493	0
494	2.00793457031
495	2.38418579102e-07
496	0
497	0
498	0
499	0
500	0.25


input.NEnm.gz

451	3.35398864751
452	2.46489981767
453	3.27343995366
454	2.16501833041
455	2.52325445415
456	1.00793457031
457	0.000995673828584
458	0.252578735352
459	0.299378976481
460	1.22924831573
461	2.0
462	0.172867119314
463	1.02454049012
464	3.0517578125e-05
465	1.50439453129
466	1.0
467	3.31269963191
468	7.45058242879e-09
469	2.375
470	1.00051880628
471	2.0
472	0.140632689931
473	2.42289087727e-268
474	0.187500953674
475	1.50000574683
476	1.88225783102
477	1.19209289551e-07
478	2.0953188057
479	1.93178049481
480	0.783447267546
481	1.24230964532
482	0.0156250074506
483	0.812745124336
484	0.125000029803
485	3.0
486	2.6875
487	2.56436157227
488	2.32831767978
489	1.75787377512
490	3.00113019671
491	2.53125
492	3.28125441074
493	2.02392673516
494	3.1706138009
495	0.093812325038
496	2.25074015558
497	1.50390625
498	0.191436767578
499	0.375
500	1.12610459375


input.NEnmLpas.gz

451	3.33374404912
452	2.46488837358
453	3.26758034024
454	2.16490770419
455	2.52275091411
456	1.01568603516
457	0.000507392578584
458	0.252578735352
459	0.299378976481
460	1.23706105414
461	2.0
462	0.173980832102
463	1.00984210393
464	3.0517578125e-05
465	1.50198364262
466	1.0
467	3.3126071255
468	7.45058242879e-09
469	2.375
470	1.00051880628
471	2.0
472	0.140632689931
473	2.42289087727e-268
474	0.187500953674
475	1.50000145529
476	1.88219679586
477	4.76837158203e-07
478	2.06620455933
479	1.93178049481
480	0.783447267546
481	1.24230964532
482	0.00781250745064
483	0.812744647499
484	0.125000029803
485	3.0
486	2.65625
487	2.56393432618
488	2.32831243458
489	1.75787377512
490	3.00039777483
491	2.53125
492	3.28125441074
493	2.02392673516
494	3.1706138009
495	0.093812325038
496	2.25074015558
497	1.5078125
498	0.191410064697
499	0.375
500	1.12610745477


input.NENRtm.gz

451	3.86574961245
452	1.64058327753
453	0.0644607544018
454	3.97169575357
455	2.18939226867
456	1.3050608936e-54
457	5.82218721215e-10
458	2.1827872951e-11
459	0.0654318818238
460	2.32830650593e-10
461	1.53125
462	0.539123538898
463	0
464	2.13821176807e-50
465	2.98023223877e-08
466	0.0625
467	3.25439465247
468	1.81987759552e-12
469	1.57356298587e-05
470	0.500488281265
471	2.38418579157e-07
472	0.0781574259745
473	0
474	0.0275707245164
475	0.0175933845531
476	0.553052084525
477	5.86197757002e-14
478	2.27373783864e-13
479	0.751525971952
480	9.31436261453e-10
481	1.54544162846
482	0.000244200229645
483	1.40625394275
484	1.14459230762
485	3.0
486	2.78125
487	0.055732849054
488	0.589859970089
489	2.54894705781e-57
490	0.00624503714835
491	0.500000953674
492	1.01831913138
493	1.21018497339e-122
494	0.548592381773
495	6.6614821788e-16
496	1.1875937013
497	1.31250000186
498	0.500000000931
499	0.25048828125
500	7.63685983474e-06


input.NENRtmLpas.gz

451	3.86560727656
452	1.64058327753
453	0.0644607544018
454	3.97168812418
455	2.18917864562
456	1.3050608936e-54
457	5.82218721215e-10
458	2.1827872951e-11
459	0.0654318818238
460	2.32830650593e-10
461	1.53125
462	0.539123538898
463	0
464	2.13821176807e-50
465	2.98023223877e-08
466	0.0625
467	3.25537115537
468	1.81987759552e-12
469	1.57356298587e-05
470	0.50024414064
471	1.19209289606e-07
472	0.0781631480204
473	0
474	0.0275707245164
475	0.0175819405195
476	0.552899496634
477	5.86197757002e-14
478	2.27373783864e-13
479	0.751525971952
480	9.31436261453e-10
481	1.54544162846
482	0.000244200229645
483	1.32812894275
484	1.14459230762
485	3.0
486	2.78125
487	0.0512887267396
488	0.589859970089
489	2.54894705781e-57
490	0.00624503714835
491	0.500000953674
492	1.02399158621
493	2.42036994678e-122
494	0.550531797704
495	6.6614821788e-16
496	1.18759358209
497	1.31250000186
498	0.500000000931
499	0.250244140625
500	7.63685983474e-06


input.NEtm.gz

451	3.85012461245
452	1.7945634737
453	0.0634918217547
454	3.98851479015
455	2.3143463881
456	1.69406589451e-21
457	4.22016911869e-09
458	1.74736669578e-10
459	0.0673836026563
460	9.5367454378e-07
461	1.5625
462	0.546905521538
463	0
464	3.34095588762e-52
465	1.49011611938e-08
466	0.5
467	3.25451755667
468	1.82254211728e-12
469	1.52587890661e-05
470	0.500976562515
471	9.5367431642e-07
472	0.0278320313082
473	0
474	0.0277538301962
475	0.00903701857919
476	1.05943407957
477	3.86535248253e-12
478	4.54747784568e-13
479	0.563659938025
480	1.45519291062e-11
481	1.27981948946
482	0.00390720367437
483	1.43750253323
484	1.14844517421
485	3.0
486	2.78125
487	0.0488932440057
488	0.802736760235
489	7.07474928033e-74
490	0.00624470424555
491	0.500000953674
492	1.07299949301
493	1.21018497339e-122
494	0.547610946293
495	1.62634204901e-19
496	1.15628171064
497	1.3125000298
498	0.500000000015
499	0.50048828125
500	1.52663001334e-05


input.NRKlm.gz

451	3.33211614192
452	2.4541627263
453	2.28051943397
454	0.281555626836
455	2.00808694959
456	2.00000013411
457	1.03430572152
458	0.50000192225
459	1.70521561057
460	0.0169736149255
461	1.53125
462	4.64916229285e-05
463	2.50843051789
464	9.31322574615e-10
465	2.19361117576
466	2.015625
467	3.63507271367
468	0.00390672689537
469	3.62500000186
470	0.0644550325815
471	2.00007629395
472	1.00109863468
473	0
474	4.67302161553e-05
475	0.882080827375
476	1.00156553521
477	0.0001220703125
478	1.75491812854
479	0.520512118939
480	0.253906250349
481	0.15749371158
482	0.00195336341858
483	0.0942859649658
484	0.12890625
485	3.0
486	2.765625
487	2.54516607523
488	0.000248916563578
489	0.172364712693
490	1.25439455919
491	1.00000047684
492	3.4618110694
493	2.85769764241
494	2.70313322738
495	9.53674316531e-07
496	3.16031265306
497	1.52589059326e-05
498	0.00232124328613
499	0.125001907349
500	0.500496173307


input.NRKprf20.gz

451	3.26961064711
452	2.23889570503
453	2.07230075078
454	0.154426873203
455	1.03706526989
456	2.43798828126
457	0.313554318158
458	1.22709322163
459	1.83030897481
460	0.0244293326982
461	2.0
462	1.1533498765e-05
463	2.09920134225
464	4.57194956513e-100
465	2.6993417889
466	1.03125
467	3.59585193312
468	2.91051627244e-11
469	3.62500000186
470	0.0625190734868
471	2.0
472	1.26562500001
473	0
474	0.00784310698509
475	1.8009648342
476	1.06763315632
477	1.86264514923e-09
478	1.99319174164
479	1.04773426063
480	0.0156250000009
481	0.130401746392
482	0.000976562732831
483	0.156280577183
484	0.000244617462158
485	1.5
486	3.0390625
487	2.52200723439
488	0.125501662493
489	0.161133170594
490	1.17578149406
491	1.50000026824
492	3.46493542194
493	2.89674860615
494	1.45716762796
495	0.0018367767334
496	0.830238342333
497	1.00000005966
498	0.0626068115234
499	0.033203125
500	0.502140060082


input.NRKse10.gz

451	3.33649855852
452	0.562502749774
453	2.45965990832
454	2.30184615358
455	2.01577705168
456	0.533203125
457	1.00001531933
458	0.0802040100098
459	1.634770697
460	0.00976562503094
461	1.28125
462	1.56387689005e-05
463	2.75062633464
464	6.77084746144e-36
465	2.39697468444
466	1.03125
467	3.6338691746
468	7.62951094657e-06
469	3.625
470	0.000122103840116
471	2.00000476837
472	1.00012218952
473	0
474	1.74623870946e-10
475	0.00101111832203
476	1.00114163902
477	1.45519152284e-11
478	1.62503101118
479	1.10181433102
480	0.09521484375
481	0.0791798532229
482	0.0625000000009
483	0.0510864257813
484	1.90734863992e-06
485	3.0
486	2.78125
487	2.5297851637
488	0.00195331132272
489	1.50006175041
490	1.25021463637
491	1.25000381844
492	3.48205567896
493	2.32258033764
494	2.26718236436
495	0.25
496	3.01660382748
497	5.36674633622e-07
498	3.05175817631e-05
499	0.250030517578
500	0.0312652599644


input.NRKse20.gz

451	3.39510157704
452	0.0468864440918
453	2.58636681412
454	0.524297961621
455	1.51586533803
456	0.296875
457	7.62951140132e-06
458	0.127197292633
459	0.375537257642
460	2.79396783487e-09
461	1.2578125
462	0.031281472533
463	2.62541580362
464	0.00390626490116
465	2.75421166435
466	1.03125
467	3.6338691746
468	5.96082827542e-08
469	2.8125
470	0.000122103840116
471	2.00097680092
472	1.25000000373
473	0
474	1.21071934839e-08
475	0.0645148158089
476	1.00114183188
477	1.42108547152e-14
478	6.66133814778e-16
479	1.10168841621
480	0.3515625
481	0.145061537653
482	1.0625
483	0.0645754337311
484	6.46550397919e-27
485	1.55096364854e-25
486	2.78125
487	2.63208007906
488	1.19210199045e-07
489	1.625
490	4.76837158203e-07
491	1.25000011927
492	3.48086571711
493	2.32916260534
494	1.62548855742
495	0.250000001048
496	3.01660382748
497	5.36674633629e-07
498	2.91038304567e-11
499	0.125030517578
500	0.00390627981711


input.pir0Watd.gz

451	1.1422443488
452	0.38000244429
453	1.56667375857
454	2.46697700764
455	2.98546803001
456	2.93873587706e-39
457	0.562997818059
458	0.102785351221
459	0.000377849683449
460	0.000488296660571
461	0.0239260196686
462	8.22563015395e-05
463	3.29103330314
464	2.51587247849
465	3.80937982164
466	0.5
467	0.0334115106453
468	2.16841427114e-18
469	3.62524474459
470	2.06250035763
471	2.0
472	1.07812523842
473	1.40275798337e-191
474	2.48920611114e-60
475	0.10253918171
476	0.332705516719
477	3.63797880709e-12
478	0.406908043669
479	1.59736575466
480	1.75000000186
481	1.45557022098
482	0.0625038146973
483	0.218873053805
484	1.50003051758
485	0.000732421875
486	0.437500238419
487	1.63354495169
488	0.0117802647892
489	0.0318603832457
490	2.4794991021
491	2.12500196696
492	3.50390648878
493	0.429443605495
494	2.66622627412
495	0.680717587118
496	0.162690164529
497	1.0
498	0.0586014986038
499	0.0079345703125
500	0.140625


input.pir0Wt1.gz

451	2.2854398936
452	1.69470239525
453	0.244079792881
454	0.395782613946
455	2.132697111
456	0
457	0.00549316412798
458	4.10026617893e-143
459	0.0244773179443
460	0.000490204111646
461	0.0196534395218
462	1.38869285962
463	0
464	0
465	4.76845365902e-07
466	0.5
467	0.0241783943277
468	3.49402062619e-21
469	3.625
470	2.0000000596
471	0.125
472	0.00394445665097
473	0
474	0
475	0
476	0.0313897468586
477	1.07952106939e-78
478	4.54747350886e-13
479	1.63043663005
480	0.0312500223517
481	1.6394043304
482	1.52606517076e-05
483	1.63501167344
484	1.28375244187
485	3.0
486	0.328125
487	0
488	0.000488519901474
489	0.000992000175764
490	2.47900438499
491	0.0625001192093
492	3.56166183949
493	8.75811540203e-47
494	0.171172317003
495	1.0383304732
496	0.250001270382
497	0.0625000000002
498	0.0638580620289
499	0.250061035156
500	0.128906250002


input.pir0Wtd2.gz

451	0.507095342519
452	2.29717823633
453	1.53546428791
454	2.48303747365
455	2.98544943334
456	4.15816390626e-112
457	0.0625000766308
458	0.148925841441
459	0.375234842316
460	3.6664022648e-12
461	0.0239260196686
462	1.12059060484e-05
463	2.68786698726
464	2.54688264243
465	0.5
466	0.015625
467	0.158483596839
468	1.54375349664e-33
469	3.7500009574
470	2.00006115809
471	2.0
472	3.44108428554e-21
473	5.97288715842e-300
474	1.13595970352e-28
475	0.110382102435
476	0.332771225104
477	2.27373675443e-13
478	1.59661909968
479	1.64341713698
480	1.751953125
481	1.4375153259
482	0.281257629409
483	0.203614354235
484	1.50003057811
485	0.00018310546875
486	0.437501907349
487	1.57034337522
488	0.000307559967046
489	0.00488352779962
490	2.05493165052
491	2.25001532957
492	3.53845977783
493	1.56463813975
494	0.724618105995
495	0.991017757187
496	0.156429767624
497	1.0
498	1.87500000099
499	0.00782775878906
500	0.0312805175781


input.pir0WTTD.gz

451	0.126955041197
452	2.88433730945
453	3.14362529322
454	3.37757447409
455	0.628799462896
456	1.44265290903e-129
457	1.0000000596
458	2.98314903266e-08
459	0.0200347922073
460	3.1679633264e-08
461	0.0400390629657
462	0.188034212684
463	0.501343919037
464	1.31469736993
465	0.0078125
466	0.06640625
467	0.0629882833528
468	2.56391349777e-29
469	2.31250095414
470	0.001953125
471	7.62939453125e-06
472	1.00500512868
473	8.40609136906e-286
474	3.55271373174e-15
475	1.52736902237e-05
476	0.00018310546875
477	9.09494701773e-13
478	0.189218766987
479	0.758670972734
480	1.00085449219
481	1.06252765772
482	1.42112886078e-14
483	1.13307204867
484	3.21311119933e-08
485	4.57763671875e-05
486	0.000488415360451
487	0.566528499185
488	0.126953125007
489	1.12890625
490	2.00208282657
491	0.00390636973361
492	1.87321144529
493	1.78180122376
494	1.26741505892
495	1.17439889922
496	1.5854835624e-05
497	0.0019531250291
498	1.90734863281e-06
499	2.91038304567e-11
500	0.0031738300313


input.PuLongAuth.gz

451	2.68750000003
452	2.03125
453	0.965892376407
454	3.65688753236
455	2.75097656262
456	0
457	0.500030517622
458	7.2203087488e-130
459	0.00054931649538
460	1.25333169103
461	0.562500029802
462	0.625000029802
463	1.12646579743
464	2.91038304567e-11
465	0.0156860351562
466	1.0
467	0.000977107097953
468	8.11155470257e-28
469	4.37905770102e-47
470	0.0625
471	1.45519152284e-11
472	0.125
473	0
474	1.03397576569e-25
475	2.72744609016e-19
476	1.50061225892
477	3.81469726562e-06
478	0.500000245869
479	1.5087892423
480	7.7451838297e-121
481	3.46944695195e-18
482	0.09423828125
483	0.132812529802
484	9.31322574615e-10
485	6.35274710441e-22
486	0.3828125
487	2.6250619907
488	6.29425048828e-05
489	0.00439453125
490	0.130859375008
491	5.82076609135e-11
492	1.13671875
493	1.80555932286e-35
494	2.88130356745
495	2.20504666121
496	0.5625
497	0.56298828125
498	1.86264514923e-09
499	2.42036994678e-122
500	1.05529785156


input.PuLongBase.gz

451	2.68750000012
452	2.03125
453	0.96882122953
454	3.65737581653
455	2.25024414156
456	0
457	0.500000003769
458	1.22625497268e-128
459	0.00109863290163
460	1.25351861143
461	0.562500059605
462	0.750000003725
463	2.252445221
464	1.16415321827e-10
465	0.0156860351562
466	1.0
467	0.0312558174558
468	6.51613898855e-27
469	2.35098870164e-38
470	0.5
471	4.65661287308e-10
472	0.125
473	0
474	1.03397576569e-25
475	5.45489218032e-19
476	1.50244331363
477	7.62939453125e-06
478	0.500000000008
479	1.50878942106
480	2.53794183732e-116
481	1.11022302463e-16
482	0.1572265625
483	0.750007629395
484	2.32830643654e-10
485	9.92616735064e-24
486	0.765625000001
487	2.56262302771
488	0.0156250596046
489	0.0166015625
490	0.130859375116
491	1.16415321827e-10
492	1.1484375
493	8.96831023432e-44
494	2.89345940977
495	2.22259331504
496	0.5625
497	0.1337890625
498	1.49011611938e-08
499	4.95691765101e-119
500	1.04943847662


input.PuLongWAuth.gz

451	2.68750000012
452	2.03125
453	0.965887727332
454	3.65688753248
455	2.25024414109
456	0
457	0.500003814741
458	1.22625497268e-128
459	0.00109863290163
460	1.25313332677
461	0.562500029802
462	0.750000003725
463	2.25244522099
464	5.82076609135e-11
465	0.0156860351562
466	1.0
467	0.031257890207
468	3.28496472076e-27
469	2.35098870164e-38
470	0.0625
471	1.16415321827e-10
472	0.125
473	0
474	1.03397576569e-25
475	2.7443867491e-19
476	1.50061225894
477	3.81469726562e-06
478	0.500000000002
479	1.50878924225
480	2.53794183732e-116
481	5.55111512313e-17
482	0.15673828125
483	0.375003814697
484	2.32830643654e-10
485	3.1763735522e-22
486	0.765625000002
487	2.56262302771
488	0.00195407867432
489	0.00830078125
490	0.130859375116
491	1.16415321827e-10
492	1.1484375
493	8.96831023432e-44
494	2.88135108366
495	2.22259331495
496	0.5625
497	0.1298828125
498	1.49011611938e-08
499	4.95691765101e-119
500	1.04943847657


input.PuShortAuth.gz

451	0.0156250055882
452	3.00000000186
453	1.71393713437
454	3.73890453729
455	0.6337890625
456	4.76837385577e-07
457	1.01080322266
458	3.55271369204e-15
459	0.000129699713398
460	1.25275948644
461	0.562500029802
462	0.500007629395
463	0
464	0
465	1.20053300634e-10
466	1.0
467	0.00402892386734
468	1.62231094051e-27
469	4.37905770102e-47
470	0.125
471	2.84217102774e-14
472	0.000122072175145
473	0
474	1.07952106939e-78
475	1.09097843606e-18
476	1.5012226114
477	1.68675167092e-80
478	0.125000000466
479	0.258148193884
480	0
481	1.03397576569e-25
482	0.093994140625
483	0.0626220721751
484	1.0
485	2.65303098013e-74
486	0.765625059605
487	0
488	1.11758708954e-08
489	0.000488283112645
490	0.125001430511
491	0
492	1.5000000596
493	5.20417042793e-18
494	1.88111316518
495	0.25
496	2.50009704381
497	1.078125
498	2.38418579102e-07
499	6.87910513415e-136
500	1.05484008791


input.PuShortBase.gz

451	0.250001132488
452	3.00000000373
453	1.92390908634
454	3.73768386338
455	0.6279296875
456	3.05176945403e-05
457	1.04321289435
458	1.86264514924e-09
459	0.00030517579853
460	1.25313097448
461	0.562500059605
462	0.500000014901
463	0
464	0
465	9.53790731728e-07
466	1.0
467	0.0703358652413
468	6.51448731102e-27
469	2.35098870164e-38
470	1.00000000001
471	1.86264514923e-09
472	0.500007629431
473	0
474	1.55575381947e-61
475	2.18195687213e-18
476	1.50488472171
477	6.74700668367e-80
478	0.000976562501819
479	0.283935548043
480	0
481	1.32348898008e-23
482	0.15673828125
483	0.0664064884186
484	1.0
485	9.20455024743e-92
486	3.0312538147
487	0
488	4.78699803352e-07
489	0.00195312686265
490	0.125005722046
491	0
492	1.5000000596
493	1.33226762955e-15
494	2.89947153012
495	0.25
496	2.51226049662
497	0.65625
498	9.53674316406e-07
499	1.40884073147e-132
500	1.04913330451


input.ric9dpn.gz

451	1.94870212697
452	3.00919007033
453	2.23652515992
454	3.95589073235
455	2.03045678163
456	6.25650967245e-148
457	0.250007630326
458	0.0157108309213
459	2.17190794833
460	0.250000030277
461	1.75000011921
462	0.259281769511
463	2.92885882035
464	0.126953125
465	0.269531369213
466	1.0
467	2.12750394276
468	3.05324801957e-05
469	3.625
470	2.07043838502
471	2.00000000023
472	0.504039764405
473	7.59645419661e-65
474	1.09139364213e-11
475	0.008029237747
476	1.93966450021
477	4.13590306277e-25
478	1.92212874821
479	1.90964612274
480	1.00002288836
481	1.78480541893
482	0.2509765625
483	1.84454347569
484	0.156250004658
485	3.0
486	3.625
487	1.45312500117
488	0.0319276154332
489	1.26172077673
490	1.7757005794
491	2.00024414062
492	3.37763137017
493	2.01959230006
494	2.16722926902
495	2.12507284287
496	2.56409454369
497	0.00390630963375
498	0.554691314697
499	1.0
500	0.0626263916492


input.ric9dpx.gz

451	1.96569455042
452	3.00772829114
453	2.11336541978
454	3.71717212804
455	1.00197751916
456	0
457	0.0156288147118
458	2.83042302141e-09
459	0.00538647740359
460	1.52629818331e-05
461	1.2500000149
462	0.0493869802449
463	1.00201445728
464	0.250061035156
465	0.125
466	0.03125
467	0.110615376635
468	9.31322630127e-10
469	3.25000047684
470	2.03912353562
471	2.0
472	2.53179931641
473	0
474	4.03896783478e-28
475	0.126263142214
476	1.29158826365
477	4.48415508584e-44
478	1.98317934784
479	1.98556526683
480	1.00010299686
481	2.03584707541
482	0.00195313990127
483	1.88532257313
484	0.0029296875291
485	0.01171875
486	1.56640625
487	1.08304596692
488	0.0156498849701
489	1.26095581081
490	2.55108749866
491	1.25
492	3.39191590489
493	1.00000012666
494	3.18669939059
495	1.93798250378
496	0.787117489617
497	1.00000011921
498	0.251708999276
499	0.125000007451
500	0.0625019222643


input.ric9dpxL.gz

451	1.96569455042
452	3.00772829114
453	1.12514308563
454	3.71717212804
455	1.00197751916
456	0
457	0.0156288147118
458	2.83042302141e-09
459	0.00538647740359
460	1.52629818331e-05
461	1.2500000149
462	0.0493869802449
463	1.00201445728
464	0.250061035156
465	0.125
466	0.03125
467	0.110615376635
468	9.31322630127e-10
469	3.25000047684
470	2.03912353562
471	2.0
472	2.53179931641
473	0
474	4.03896783478e-28
475	0.126263142214
476	1.29158826365
477	4.48415508584e-44
478	1.98317934784
479	1.98556526683
480	1.00010299686
481	2.03584707541
482	0.00195313990127
483	1.88532257313
484	0.0029296875291
485	0.01171875
486	1.56640625
487	1.08304596692
488	0.0156498849701
489	1.26095581081
490	2.55108749866
491	1.25
492	3.39191590489
493	1.00000012666
494	3.18669939059
495	1.93798250378
496	0.787117489617
497	1.00000011921
498	0.251708999276
499	0.125000007451
500	0.0625019222643


input.ric9dsx.gz

451	1.97361192107
452	3.05065318551
453	2.55116340253
454	3.71682869798
455	2.74365258255
456	0
457	6.96182255524e-05
458	4.47474306777e-08
459	0.0108033531297
460	0.000125944681983
461	1.56250000012
462	0.0607929234398
463	0.508072987389
464	0.250001907349
465	0.125000000015
466	0.00390625
467	0.294069072771
468	4.5474908561e-13
469	7.98702239991e-06
470	2.03327941941
471	2.0
472	1.51567077637
473	0
474	2.48154183766e-24
475	0.313631059719
476	1.47274521012
477	3.38813178902e-21
478	2.02227837266
479	1.98651171527
480	0.500002883375
481	2.02424821275
482	0.0312500004666
483	2.09472711408
484	0.125000029802
485	0.046875
486	2.390625
487	0.693527223542
488	0.127151489258
489	1.26620507636
490	2.94363462948
491	2.06253051758
492	3.07131970536
493	6.31088724177e-30
494	3.36440751047
495	2.12627209397
496	1.32825088644
497	1.00000011921
498	0.500671386952
499	0.28125
500	0.250000119327


input.ric9tpx.gz

451	2.86180508509
452	1.98878863938
453	3.66230407116
454	3.94974959978
455	2.49319648748
456	3.00926589684e-36
457	0.0312519074655
458	1.11761000466e-08
459	3.62462392953e-05
460	0.459367345142
461	1.37501525879
462	0.207061769441
463	1.51929083932e-64
464	0
465	2.38429692025e-07
466	0.0625
467	0.629501619408
468	2.32830643654e-10
469	2.09375011921
470	0.281251013395
471	0.0009765625
472	1.1269685035
473	0
474	0
475	0.0332273319364
476	0.0928621528438
477	1.71977628354e-136
478	3.1892953299e-58
479	1.5203224124
480	7.52316384526e-37
481	2.16655161232
482	0.125030636787
483	2.6966455803e-94
484	5.29419825842e-23
485	0.75
486	1.65625
487	0
488	0.000734400033252
489	0.00781250093868
490	2.51797580812
491	6.0026650317e-11
492	3.74014486152
493	1.47089835517e-185
494	3.41646766965
495	3.25146485026
496	0.633178949475
497	1.072265625
498	0.0625004172616
499	2.40281224251e-07
500	0.125091552735


input.rmitNFGweb.gz

451	3.14459422231
452	0.0313415882413
453	0.756996532205
454	0.00195324831145
455	6.93889390391e-18
456	0
457	1.08420217249e-19
458	0.001953125
459	0.0351572036743
460	0
461	1.265625
462	1.28688939737e-85
463	1.14575680927
464	0
465	4.33680868994e-19
466	2.0
467	3.1333012601
468	1.16415321827e-10
469	1.86264514923e-09
470	0
471	3.08148791102e-33
472	3.42113882892e-49
473	0
474	0
475	0.0158691406542
476	0.0625076293945
477	0.0009765625
478	2.0679515362e-25
479	0.0361785888708
480	5.3798984762e-284
481	2.91038304567e-11
482	2.66122490001e-110
483	0.0312500596046
484	0.5
485	3.49245965481e-10
486	0.812500014901
487	0.0117189937755
488	0.000488281482832
489	5.31463543565e-23
490	2.58493941423e-26
491	1.10180320793e-280
492	3.32653112501e-111
493	2.50293036991e-09
494	1.28944021613
495	0
496	1.0629923353
497	1.00195312503
498	4.03896783473e-28
499	7.62939453125e-06
500	3.41060513165e-13


input.rmitNFLweb.gz

451	3.1445620656
452	0.031433247963
453	0.756996532205
454	0.547119209544
455	5.55111512313e-17
456	0
457	1.08420217249e-19
458	0.001953125
459	1.61558713389e-27
460	0
461	1.265625
462	1.68675167092e-80
463	1.14575680927
464	0
465	4.33680868994e-19
466	2.0
467	3.2583012595
468	1.16415321827e-10
469	2.98023223877e-08
470	0
471	4.81482486104e-35
472	2.67276471009e-51
473	0
474	0
475	0.0158691406833
476	0.0625076293945
477	0.0009765625
478	2.0679515362e-25
479	0.036178588869
480	4.4072128317e-280
481	2.91038304567e-11
482	3.24856555176e-114
483	0.0625000596046
484	0.5
485	6.98491930962e-10
486	0.812500003725
487	0.0117189937755
488	0.000488281366643
489	5.31463543565e-23
490	6.01853107621e-36
491	2.82061621229e-278
492	6.34485459329e-117
493	2.50293036991e-09
494	1.28944021613
495	0
496	1.0629923353
497	1.00195312503
498	2.01948391737e-28
499	3.72529029846e-09
500	3.19744231092e-14


input.rmitWFGweb.gz

451	2.00048828125
452	5.95551847338e-45
453	0.00195312500001
454	2.32844910132e-10
455	0
456	0
457	0
458	4.661462957e-156
459	8.31632781252e-112
460	0
461	0.0625
462	0
463	0.0312503073364
464	0
465	1.64721842863e-83
466	0
467	0.00048840045929
468	0
469	4.11804607157e-84
470	0
471	1.57772181044e-30
472	3.60663227257e-130
473	0
474	2.36364252615e-125
475	3.8146977204e-06
476	0
477	0
478	3.42113882892e-49
479	9.40395480658e-38
480	0
481	1.04404871488e-53
482	0
483	5.71493695641e-101
484	9.322925914e-156
485	0
486	9.31322574616e-10
487	6.61744490042e-24
488	6.01853107621e-36
489	2.82989971213e-73
490	2.15904213877e-78
491	0
492	2.97045557234e-213
493	2.32830643654e-10
494	0.0196533873677
495	4.4408920985e-16
496	3.81469908461e-06
497	5.82085490919e-11
498	0
499	2.64697796017e-23
500	2.89782283237e-70


input.rmitWFLweb.gz

451	2.06298828126
452	0.000581745060128
453	0.0332031623157
454	0.520019534975
455	0
456	0
457	2.24441277338e-190
458	0.25
459	2.38418579102e-07
460	0
461	1.0625
462	4.86173068583e-63
463	0.046906778648
464	0
465	8.07793566946e-28
466	2.0
467	2.07836925983
468	3.63797880709e-12
469	1.45519152284e-11
470	0
471	6.16297582204e-33
472	8.75811540203e-47
473	0
474	0
475	3.81469772039e-06
476	1.42108547152e-14
477	4.33680868994e-19
478	1.58889220412e-33
479	0.06445360207
480	0
481	6.68191177523e-52
482	3.37701700611e-226
483	5.29395592034e-23
484	2.38418579102e-07
485	6.20385459415e-25
486	2.35098870164e-38
487	0.125000011642
488	1.97215226305e-31
489	2.82989971213e-73
490	6.01853107621e-36
491	0
492	2.98333629248e-154
493	2.32830643654e-10
494	0.0196537450247
495	0
496	1.0000038147
497	1.00000000006
498	2.93873587706e-39
499	5.29395592034e-23
500	9.86076131526e-32


input.Sab9web1.gz

451	3.44611167908
452	2.58776873725
453	0.0166037206082
454	1.94644022251
455	0.265929164366
456	1.45519152284e-11
457	0.125244856172
458	4.80795311175e-07
459	1.62988400652
460	2.06795942005e-25
461	1.5078125
462	1.81494158506
463	0
464	0
465	7.62939496117e-06
466	1.0
467	2.75782278861
468	3.46944695518e-18
469	5.96046447754e-08
470	1.52587890625e-05
471	0.00390625
472	0.0625
473	0
474	0
475	1.17549883498e-38
476	1.03240993131
477	1.92592994439e-34
478	1.86264514923e-08
479	0.268066527788
480	2.93873587706e-39
481	0.812904359893
482	0.001953125
483	3.63886703972e-12
484	1.31250005984
485	8.73114913702e-11
486	1.328125
487	0
488	0.257828735341
489	9.6206349555e-07
490	0.0178301557909
491	6.525304468e-55
492	1.78017616427
493	2.38418579324e-07
494	3.53543616473
495	3.94430452611e-31
496	2.87548855087
497	1.90721038962e-09
498	0.5
499	4.78699803352e-07
500	0.00508309900866


input.Sab9web2.gz

451	3.60290554166
452	3.05754949153
453	3.07422759025
454	3.23393780762
455	0.758605599403
456	0.125488311052
457	0.0708475112942
458	0.0003662109375
459	3.65747137485
460	0.323315167189
461	1.5625
462	1.00000071526
463	1.56457620886
464	1.00000047684
465	1.44038406486
466	2.0
467	3.12855583538
468	7.45149009163e-09
469	1.00006532669
470	0.000976622104872
471	0.500244170427
472	0.564453154802
473	0
474	2.91910461052e-157
475	0.0323105480261
476	1.06216794257
477	4.76837158203e-07
478	2.00895690918
479	1.62699133158
480	0.125
481	0.610870365099
482	0.001953125
483	1.26565647137
484	0.00195312884171
485	1.14440917969e-05
486	2.5390625
487	1.83227545046
488	0.767578896165
489	0.0195655860371
490	1.56019640158
491	2.25198364258
492	2.56994930282
493	2.09821533756
494	3.76087397474
495	0.000488281482831
496	3.39064414054
497	0.00207531638443
498	0.125062465668
499	0.250000953674
500	0.766031358671


input.Sab9web3.gz

451	3.29040531814
452	3.05898216368
453	3.10133079173
454	3.66753975308
455	1.50877082348
456	0.000488519668579
457	0.0665168762271
458	4.69299266115e-10
459	3.59406295561
460	1.51076904661
461	1.5625
462	1.00195503235
463	1.53235632183
464	1.00024414086
465	1.49169184652
466	2.0
467	2.32926989746
468	5.9611920733e-08
469	1.01660251617
470	0.000611306168139
471	0.500488281716
472	0.570343017578
473	0
474	9.32292605292e-156
475	0.0167859799376
476	1.97725087595
477	2.38418579102e-07
478	2.00498199463
479	1.75208288443
480	0.25
481	0.360870363209
482	0.00781250011642
483	1.03912353565
484	0.000244140770519
485	2.28881835938e-05
486	2.28515625
487	2.12939456106
488	0.761720085055
489	0.0136873722658
490	1.61890459084
491	2.50247192383
492	2.57556463825
493	2.08704271422
494	3.78280753591
495	0.000976562965661
496	3.32813836634
497	0.531311035622
498	0.250854492188
499	0.250000059605
500	1.51001957247


input.Sab9web4.gz

451	3.60290554166
452	3.49590492285
453	3.07813470074
454	3.23393780762
455	1.03926080465
456	0.128907203674
457	0.129471302036
458	0.0703125010186
459	3.59594769894
460	0.383253965558
461	1.5625
462	1.00003099442
463	1.56457620884
464	0.250015258789
465	1.44035353326
466	2.0
467	3.12855577909
468	7.45149009163e-09
469	1.00003528595
470	0.00109864771412
471	0.500976569951
472	0.562747955322
473	0
474	9.63967946041e-181
475	0.0181890783375
476	1.05185139657
477	2.38418579102e-07
478	2.00895690918
479	1.62699133158
480	0.25
481	0.673370365072
482	0.001953125
483	1.2656574254
484	0.00195312965661
485	2.28881835938e-05
486	2.2734375
487	1.83227545046
488	0.767578888806
489	0.0317392428406
490	1.55435562137
491	2.25207519531
492	2.17907957733
493	2.09821152565
494	3.75702112815
495	0.000488281482831
496	3.39064414054
497	0.00219750590622
498	0.125000998378
499	0.250001907349
500	0.76596651241


input.Sab9web5.gz

451	2.39520277083
452	3.02877474577
453	3.07373488887
454	3.23393780657
455	0.0960997343063
456	0.0156555213034
457	0.0708475112942
458	0.0003662109375
459	3.65747137485
460	0.323315167189
461	0.8125
462	1.00000071526
463	0.0205403007733
464	1.50000023842
465	0.376907502359
466	2.0
467	1.56424740011
468	7.45149009163e-09
469	1.00006532669
470	0.000976622104872
471	0.500244170427
472	0.0634918215219
473	0
474	2.91910461052e-157
475	0.0161552740131
476	1.06216794257
477	7.27595761418e-12
478	2.00895690918
479	1.62699133158
480	0.125
481	0.610870365099
482	3.81469726568e-06
483	1.26565647137
484	0.000488282210426
485	1.14440917969e-05
486	2.5390625
487	1.83227542054
488	0.383789833665
489	0.0195655860371
490	1.56019640158
491	2.25099182129
492	1.79214687646
493	1.13785385685
494	3.76087397474
495	0.000488281482831
496	3.39064414054
497	0.00207531638443
498	0.0625312328339
499	1.52885913849e-05
500	0.766031358671


input.Scai9Web1.gz

451	0.0332050920151
452	0.406738400694
453	0.125126004219
454	3.04042058104
455	2.91038304567e-11
456	0
457	0.000152591616157
458	0.0117206592477
459	1.00012207032
460	0.921896249056
461	3.81469762942e-05
462	1.7763568394e-15
463	0.379962041978
464	3.0517578125e-05
465	0.00390625000001
466	0.25
467	3.01594556888
468	4.4408920985e-16
469	2.0371094048
470	2.56642163545
471	1.49011611938e-08
472	0.625007629395
473	0
474	7.14367119718e-102
475	0.000930950051583
476	1.74420362915
477	5.15291901568e-231
478	1.03397576569e-25
479	1.38684177771
480	4.13590306277e-25
481	8.67414677977e-19
482	1.49011629702e-08
483	4.44102762377e-16
484	1.01562500233
485	4.36557456851e-11
486	0.00781252980233
487	1.02369692922
488	1.86264514923e-09
489	0.00793504715023
490	2.36468622461e-11
491	1.0
492	0.125003814697
493	2.58493941423e-26
494	2.57327461989
495	1.00269368474
496	1.1337929983
497	0.8134765625
498	1.05421979457e-81
499	0.5
500	0.0351562500073


input.Scai9Web2.gz

451	0.0312662127544
452	0.814456939932
453	8.67361737988e-19
454	3.04019242736
455	9.44068900504e-38
456	0
457	0.000152591616157
458	0.0117206592477
459	2.00003147151
460	0.921896249056
461	3.81469762942e-05
462	1.7763568394e-15
463	1.50496204198
464	0.000244140625
465	5.47382212627e-48
466	0.25
467	3.01600660404
468	9.09494701773e-13
469	2.0008544922
470	2.56642163545
471	1.49011611938e-08
472	0.625007629395
473	0
474	7.14367119718e-102
475	0.00186222801267
476	1.74420362969
477	5.15291901568e-231
478	1.03397576569e-25
479	1.10944462198
480	4.13590306277e-25
481	8.67414677977e-19
482	1.49011629702e-08
483	4.44102762377e-16
484	0.500976562501
485	4.36557456851e-11
486	9.53677954607e-07
487	1.02369692922
488	1.86264514923e-09
489	0.00793504715023
490	2.36468622461e-11
491	1.0
492	6.103515625e-05
493	2.58493941423e-26
494	2.57327461989
495	1.00250549591
496	1.1337929983
497	1.56274414063
498	1.05421979457e-81
499	0.5
500	0.0351562500073


input.Scai9Web4.gz

451	0.0332071783505
452	0.782227516182
453	0.000488281253638
454	3.04036732229
455	9.44068900504e-38
456	0
457	0.000152591616157
458	0.0117206592477
459	1.00006104312
460	0.921896249056
461	3.81469762942e-05
462	1.7763568394e-15
463	0.379962041982
464	0.000244140625
465	1.52587890625e-05
466	0.25
467	3.03132251045
468	1.13686837722e-13
469	2.07812547684
470	2.56642163545
471	1.49011611938e-08
472	0.625007629395
473	0
474	7.14367119718e-102
475	0.000465403316952
476	1.74420362969
477	5.15291901568e-231
478	1.03397576569e-25
479	1.3359832773
480	4.13590306277e-25
481	8.67414677977e-19
482	1.49011629702e-08
483	4.44102762377e-16
484	1.00195312558
485	4.36557456851e-11
486	0.000488340854673
487	1.02369692922
488	1.86264514923e-09
489	0.00793504715023
490	2.36468622461e-11
491	1.0
492	0.0156250000073
493	2.58493941423e-26
494	2.57327461989
495	1.00269432343
496	1.1337929983
497	0.8134765625
498	1.05421979457e-81
499	0.5
500	0.0351562500073


input.tnout9f1.gz

451	3.0884418647
452	2.85955095828
453	2.94784645304
454	0.390999347275
455	2.00415796088
456	2.38447682932e-07
457	1.0181275346
458	0.31250006735
459	2.3770839572
460	0.00732422667193
461	1.625
462	0.125000000004
463	1.25807238685
464	0
465	2.16235446943
466	2.00024414062
467	3.5207598359
468	0.000488281715661
469	2.65649414063
470	0.132827758789
471	2.06250190735
472	1.00012589991
473	0
474	2.08166817134e-17
475	2.37723177719
476	1.5013544691
477	0.0009765625
478	0.46213533733
479	0.582519535001
480	0.0078125018631
481	0.0865173495845
482	0.00830078125
483	0.633790522814
484	0.250025749207
485	3.0
486	2.40625
487	3.1920175571
488	0.250411987305
489	2.0332641612
490	0.562564851894
491	2.00000190735
492	3.36391079472
493	1.51198792482
494	2.30307984385
495	3.78349795943e-09
496	3.2890932858
497	1.18237863944e-10
498	8.48770141602e-05
499	0.500122070312
500	1.03619390784


input.tnout9t2.gz

451	2.91297937563
452	0.677765144124
453	1.74769630683
454	3.75597236401
455	1.96875000006
456	7.67844768715e-239
457	0.000982322268158
458	0.000549316406254
459	0.076751858932
460	0.79883197731
461	1.75
462	0.10157782957
463	0
464	0
465	5.82076617808e-11
466	1.0
467	0.3869681976
468	5.82076609169e-11
469	1.4375
470	2.03125095397
471	0.25
472	0.000488407909984
473	0
474	5.37430088613e-138
475	0.00102711329248
476	1.26767034088
477	7.22077750346e-276
478	3.75166575323e-12
479	1.89066815469
480	3.81469726562e-06
481	0.271885395051
482	5.96050997448e-08
483	1.8260948309e-12
484	0.001220703125
485	3.0
486	3.15625
487	0.000244140625
488	0.00830091176636
489	0.0644836425782
490	2.56549978262
491	0.000488281250234
492	3.28421080121
493	1.86287252291e-09
494	1.98013422772
495	2.27374325966e-13
496	1.56299126148
497	1.28125
498	0.125000000466
499	1.5
500	0.000488281315711


input.tnout9t2lc10.gz

451	2.91297937563
452	0.677765144124
453	0.880508806833
454	3.75597236401
455	0.984375000058
456	7.67844768715e-239
457	0.00024558056704
458	0.000549316406254
459	0.076751858932
460	0.79883197731
461	1.75
462	0.10157782957
463	0
464	0
465	5.82076617808e-11
466	1.0
467	0.3869681976
468	5.82076609169e-11
469	1.4375
470	1.03125095397
471	0.25
472	0.000488407909984
473	0
474	5.37430088613e-138
475	0.00102711329248
476	1.26767034088
477	7.22077750346e-276
478	3.75166575323e-12
479	1.89066815469
480	3.81469726562e-06
481	0.271885395051
482	5.96050997448e-08
483	1.8260948309e-12
484	0.001220703125
485	1.5
486	3.15625
487	0.000244140625
488	0.00830091176636
489	0.0644836425782
490	2.56549978262
491	0.000488281250234
492	3.28421080121
493	1.86287252291e-09
494	1.98013422772
495	2.27374325966e-13
496	0.781741261482
497	1.28125
498	0.0312500004657
499	0.75
500	0.000488281315711


input.tnout9t2lc50.gz

451	1.45648969343
452	0.271180168615
453	1.30876590022
454	3.75597236401
455	0.984375000117
456	7.67844768715e-239
457	1.00006127829
458	0.000549316406254
459	0.076751858932
460	0.79883197731
461	0.0546875
462	0.05079657957
463	0
464	0
465	5.82076617808e-11
466	0.5
467	0.193484099881
468	3.0
469	1.4375
470	0.128906488565
471	0.001953125
472	0.000244267284984
473	0
474	5.37430088613e-138
475	0.0156570973923
476	0.164614724008
477	7.22077750346e-276
478	1.87583293083e-12
479	1.89066815469
480	3.81469726562e-06
481	0.0679724216463
482	7.45069433927e-09
483	9.16600129131e-13
484	0.001220703125
485	0.75
486	0.39453125
487	0.0001220703125
488	0.250488313879
489	0.0161209106445
490	2.56549978262
491	0.000122070312734
492	1.64210540065
493	1.86287252291e-09
494	0.990067113861
495	1.13687162983e-13
496	0.195435345173
497	0.3203125
498	0.0312500004657
499	0.75
500	0.000488281315711


input.tnout9t2lk50.gz

451	3.83320821455
452	0.0169487600728
453	0.00378313735053
454	0.211036114547
455	1.01781989438e-25
456	5.01042090002e-293
457	7.97180564556e-58
458	3.58445680007e-58
459	2.50414624008e-56
460	2.60631093536e-55
461	1.06036197605e-54
462	3.31413132571e-56
463	0
464	0
465	2.96736496477e-67
466	1.27447352891e-57
467	6.3127011176e-56
468	2.31825384431e-69
469	3.6641113956e-57
470	2.44757601249e-181
471	8.156630585e-56
472	1.59350515861e-58
473	0
474	4.38361869808e-193
475	3.35111347828e-58
476	8.21428276213e-55
477	0
478	1.2240380651e-66
479	5.29735098288e-54
480	1.55575381947e-61
481	4.25682637513e-56
482	2.430883898e-63
483	1.48947809489e-67
484	4.97841222229e-59
485	9.787956702e-55
486	1.02977461136e-54
487	0
488	1.69268676992e-58
489	2.10387700514e-56
490	1.63483078068e-57
491	2.89781730662e-70
492	8.37127945898e-57
493	3.79869074907e-65
494	6.46048936169e-55
495	3.62228199496e-71
496	1.50784301758
497	1.02057450557e-58
498	2.54894706731e-57
499	4.893978351e-55
500	1.59309212553e-58


input.UCCS1.gz

451	0
452	8.47032947254e-22
453	4.77768480778e-07
454	2.98023223877e-08
455	0
456	0
457	1.29527610433e-122
458	7.38638289423e-127
459	2.27373675443e-13
460	0.125
461	5.42101086243e-20
462	0
463	0
464	0
465	0
466	0
467	0
468	6.49713110353e-114
469	2.91038304567e-11
470	1.06640720367
471	0
472	0
473	0
474	7.88860905221e-31
475	5.2102685068e-26
476	3.81469726562e-05
477	0
478	1.2490014321e-16
479	0
480	0
481	1.96363738612e-90
482	0
483	5.68434188608e-14
484	0
485	0
486	0
487	0
488	1.38777878078e-17
489	0.500122219324
490	4.68167635469e-97
491	0
492	0.000495910648169
493	3.7982270983e-65
494	2.32471204549
495	5.6843418874e-14
496	1.62646485865
497	1.75
498	0.25
499	5.61103193346e-191
500	8.96831017168e-44


input.UCCS2.gz

451	0
452	1.69406589451e-21
453	4.77768480778e-07
454	8.94070808499e-08
455	0
456	0
457	2.59055220866e-122
458	7.38638289423e-127
459	1.16415321827e-10
460	0.125
461	0
462	0
463	0
464	0
465	0
466	0
467	0
468	0
469	2.91038304567e-11
470	1.06640720367
471	0
472	0.00390625
473	0
474	7.88860905221e-31
475	5.2102685068e-26
476	3.0517578125e-05
477	0
478	1.2490014321e-16
479	0
480	0
481	0.00048828125
482	7.00649232162e-46
483	5.68434188608e-14
484	0
485	0
486	0
487	0
488	2.16129088391e-224
489	0.500122219324
490	9.36335270938e-97
491	0
492	0.03125
493	3.7982270983e-65
494	2.32471204549
495	7.1054273576e-15
496	1.62646485865
497	1.75
498	3.7982270983e-65
499	5.61103193346e-191
500	4.48415508584e-44


input.UCCS3.gz

451	0
452	0
453	0
454	0
455	0
456	0
457	0
458	4.86679440972e-209
459	0
460	0
461	0
462	0
463	0
464	0
465	0
466	0
467	0
468	0
469	0
470	0
471	0
472	0
473	0
474	0
475	0
476	7.57153399147e-270
477	0
478	0
479	0
480	0
481	0
482	0
483	0
484	0
485	0
486	0
487	0
488	0
489	0
490	0
491	0
492	9.87103176746e-178
493	0
494	0
495	0
496	0
497	0
498	0
499	0
500	0


input.UCCS4.gz

451	0
452	0
453	0
454	0
455	0
456	0
457	0
458	9.73358881943e-209
459	0
460	0
461	0
462	0
463	3.11150763893e-61
464	0
465	0
466	0
467	0
468	0
469	0
470	0
471	0
472	0
473	0
474	0
475	0
476	2.95763046542e-272
477	0
478	0
479	0
480	0
481	0
482	0
483	0
484	0
485	0
486	0
487	0
488	0
489	0
490	0
491	0
492	1.38922421843e-163
493	0
494	0
495	0
496	0
497	0
498	0
499	0
500	0


input.uwmt9w10g0.gz

451	2.32229804993
452	1.46875
453	0.724990844729
454	2.86289346636
455	0.312529758208
456	9.72346137166e-62
457	0.632873535156
458	1.25437512828e-07
459	0.0391922333405
460	0.500013362671
461	2.390625
462	0.875001914801
463	0
464	3.41460156862e-21
465	0.000259399414176
466	4.33680868994e-19
467	0.133068263531
468	0.0743560791016
469	1.00000000001
470	2.6290293932
471	1.19209289551e-07
472	0.5078125
473	2.28597478256e-100
474	7.6713948748e-93
475	1.62260905624e-33
476	0.996112826457
477	1.44890865261e-70
478	8.75813262883e-47
479	2.0360355784
480	4.9090934653e-91
481	1.924325943
482	6.10351853541e-05
483	9.53674316406e-06
484	6.88219439523e-21
485	0.000732421875
486	3.53125
487	1.62549626827
488	8.94069671651e-08
489	0.000167846694239
490	1.55773925799
491	0.00201416015625
492	3.02565900004
493	9.37310508685e-243
494	2.09986210766
495	2.3306533313
496	1.25830657786
497	0.882813453689
498	1.0
499	1.0
500	0.14062595414


input.uwmt9w10g1.gz

451	2.94004821777
452	1.87501525882
453	0.2041015625
454	3.48440744968
455	2.32177955751
456	0
457	5.11590770171e-13
458	0.00927734375
459	0.00247384799877
460	2.38433131128e-07
461	0.59765625
462	0.531265258792
463	2.87608337405
464	2.51586914063
465	0.156311035185
466	5.29395592034e-23
467	0.133309447281
468	0.751472473145
469	3.79687692039
470	2.0
471	0.5
472	1.0019569397
473	3.85185988877e-34
474	0.00390625
475	0.5
476	0.848185541617
477	3.81469726562e-06
478	1.2499883175
479	1.72670209408
480	9.31322574615e-10
481	1.46094703674
482	0.000122131809007
483	0.445343019674
484	8.43388704352e-81
485	4.73316543133e-30
486	0.05517578125
487	1.02795410156
488	0.00612080190331
489	0.250205993652
490	1.82495451369
491	1.0625
492	2.12500035763
493	0.00390625001455
494	2.81498153508
495	0.499494884406
496	0.08740234375
497	0.000488282181351
498	0.001708984375
499	0.25
500	1.05578380433e-112


input.uwmt9w10g2.gz

451	2.32276916504
452	1.46875
453	0.724990844729
454	2.86289346612
455	0.31250946611
456	2.73472351078e-63
457	0.632843017636
458	1.22141501364e-07
459	0.0391922333405
460	0.500013362671
461	2.390625
462	0.875001914801
463	0
464	3.41460156862e-21
465	0.000259399414176
466	4.33680868994e-19
467	0.133062407855
468	0.0743560791016
469	1.00000000001
470	2.62902933359
471	1.19209289551e-07
472	0.5078125
473	4.4647944972e-103
474	1.49831931148e-95
475	1.6177895294e-33
476	0.996112823683
477	4.42171830021e-75
478	4.46485430058e-47
479	2.03603557808
480	2.45454673265e-91
481	1.924325943
482	6.1035170802e-05
483	9.53674316406e-06
484	6.88219439523e-21
485	0.000732421875
486	3.515625
487	1.62549027801
488	8.9406967165e-08
489	8.39233543957e-05
490	1.55773925799
491	0.00201416015625
492	3.0256590012
493	1.83068458728e-245
494	2.09985375614
495	2.3306533313
496	1.25830657786
497	0.875122070313
498	1.0
499	1.0
500	0.14062595414


input.uwmt9w10g3.gz

451	2.94248962408
452	1.87501525882
453	0.2041015625
454	3.48440744968
455	2.32153433771
456	0
457	3.19744239579e-14
458	0.00927734375
459	0.00247384799877
460	2.38433131128e-07
461	0.59765625
462	0.531257629395
463	2.87548938766
464	2.51586914063
465	0.156311035185
466	5.29395592034e-23
467	0.1333094058
468	0.751472473145
469	3.79687692039
470	2.0
471	0.5
472	1.00098037723
473	3.85185988877e-34
474	0.00390625
475	0.5
476	0.848184111026
477	1.90734863281e-06
478	1.2499883175
479	1.72670209408
480	9.31322574615e-10
481	1.46094703674
482	0.00012213179437
483	0.445327760885
484	1.05422783738e-81
485	1.08420217249e-18
486	0.05517578125
487	1.02795410156
488	0.00612080190331
489	0.250205993652
490	1.82507467666
491	1.0625
492	2.12500035763
493	0.00390625001455
494	2.81498152786
495	0.499494884406
496	0.08740234375
497	0.00805664068321
498	0.001708984375
499	0.25
500	5.27891902165e-113


input.uwmt9w10g4.gz

451	3.06324863434
452	0.734650136343
453	1.50000057286
454	1.59724269227
455	0.503784300847
456	1.4870752953e-118
457	0.00781251503327
458	1.671875
459	0.00198894878952
460	0.0330255050212
461	0.90625
462	0.812988296151
463	0
464	1.49016159412e-08
465	4.76837158203e-07
466	2.0
467	0.16407394421
468	1.02142897163e-06
469	3.375
470	2.57031442231
471	4.23516473627e-22
472	0.0410156250591
473	0
474	9.63967946041e-181
475	1.51257395757
476	1.86914486072
477	3.16160659671e-30
478	0.0156250307336
479	2.00254631763
480	3.16272372744e-81
481	1.48049962527
482	0.12548828125
483	5.45696895061e-11
484	1.2500000298
485	0.1875
486	3.50003051758
487	1.01621270186
488	2.98168743051e-08
489	0.0126953125
490	1.65408325213
491	0.0312500298023
492	0.44451311524
493	8.3976014011e-140
494	1.56354148907
495	0.61011077754
496	0.32086212188
497	0.252686508
498	2.00000005402
499	2.38418579102e-07
500	0.133056640858


input.uwmt9w10g5.gz

451	3.06292819977
452	0.734650136343
453	1.50000053344
454	1.59724252463
455	0.503784306466
456	7.26110984034e-122
457	0.007812501872
458	1.671875
459	0.00198894878952
460	0.0330255050212
461	0.875
462	0.812988296384
463	0
464	1.49016159412e-08
465	4.76837158203e-07
466	2.0
467	0.164068222076
468	1.02142897163e-06
469	3.375
470	2.57031441481
471	4.23516473627e-22
472	0.0410156250587
473	0
474	2.4099198651e-181
475	1.51257395757
476	1.86914475275
477	3.95200824588e-31
478	0.0156250324221
479	2.0025396419
480	7.90672888801e-82
481	1.48049962527
482	0.12548828125
483	4.18367636812e-11
484	1.2500000298
485	0.1875
486	3.50003051758
487	1.01616293193
488	2.98168743051e-08
489	0.0126953125
490	1.65408325227
491	0.0312500298023
492	0.444562229467
493	9.77594553001e-150
494	1.56250384636
495	0.61011077754
496	0.320862085558
497	0.252685547341
498	2.00000001397
499	2.38418579102e-07
500	0.133056640858


input.xvsmmain.gz

451	3.83517482883
452	1.0073186765
453	0.295057542916
454	2.59638095796
455	2.12506103516
456	3.06818350725e-92
457	0.017578129191
458	4.80213369503e-10
459	3.50195316046
460	0.00403121495037
461	1.28125
462	1.00048842585
463	3.6376953125
464	3.11474842222e-207
465	1.10114283146e-19
466	7.62939453125e-06
467	3.50000000962
468	3.95857568947e-09
469	5.42101086243e-20
470	1.00048828125
471	0.5
472	9.22680484348e-05
473	0
474	3.5527136788e-15
475	2.00000190735
476	1.01571669763
477	0.015625
478	0.0156250181645
479	0.851566374869
480	2.86102294927e-06
481	0.00883700160196
482	0.501953125466
483	0.00976562593132
484	2.00000762939
485	3.0
486	0.2626953125
487	3.04736425007
488	0.0195409357553
489	0.0654296875
490	0.140918942408
491	2.125
492	1.62159037683
493	1.0087890625
494	1.28827297886
495	0.00781250036721
496	2.53131127545
497	0.039794921875
498	0.0156252086308
499	1.001953125
500	0.201690673945


input.xvsmman.gz

451	2.85364627838
452	2.60664460155
453	3.37550365948
454	1.09457814764
455	2.27438380755
456	0.5
457	0.00391387939453
458	5.34552942267e-51
459	3.51562795893
460	0.00807211012943
461	1.28125
462	1.0
463	3.63769543244
464	9.31322574615e-10
465	1.63476610487
466	2
467	2.03125
468	7.91987986304e-09
469	1.875
470	1
471	1.0
472	0.0371170048893
473	0
474	0.0323181161693
475	2.08059692569
476	1.01571669763
477	0
478	0.512420933876
479	1.00346021358
480	6.22301527786e-61
481	0.00883700160286
482	0.125
483	1.51599216461
484	0.250244140625
485	1.5
486	1.5
487	1.57812738814
488	0.0195484645666
489	0.625507356832
490	0.156035849829
491	1.06253051758
492	2.62155151367
493	1.03128051758
494	2.23551184777
495	2.51611376187
496	2.28131490946
497	0.146484375
498	0.0312500001164
499	1.001953125
500	0.750521674869


input.xvsmtdn.gz

451	3.78862071049
452	0.725961030252
453	0.287290576993
454	3.09461857384
455	2.28125000006
456	0.5
457	0.0664072186046
458	1.16418209101e-09
459	3.53125382439
460	0.00202229998837
461	1.28125
462	0.125068977795
463	3.6376953125
464	0
465	1.0000009553
466	2.00000000001
467	3.51715100184
468	7.91806087364e-09
469	1.11022302475e-16
470	1.00048828125
471	0.5
472	0.000175477238379
473	0
474	1.65439151736e-23
475	2.0
476	1.01571669763
477	0.25
478	0.0156250086186
479	0.92188263718
480	0.00146484375
481	0.00883878969035
482	0.501953125233
483	0.00976562546566
484	0.500061035156
485	3.0
486	0.2626953125
487	3.04711939441
488	0.0158779630438
489	0.03369140625
490	0.140918942408
491	2.125
492	1.74736213684
493	1.25
494	2.03908635862
495	2.32844878998e-10
496	2.53131199678
497	0.04833984375
498	0.0156295299676
499	1.001953125
500	1.52566910541


input.xvsmtitle.gz

451	3.83923649794
452	1.2042491456
453	0.259541635204
454	0.392007188217
455	0.500000000001
456	1.07014993275e-50
457	0.017578129191
458	1.67638640747e-08
459	3.50097658302
460	0.00403240392916
461	1.28125
462	1.00013934087
463	0
464	0
465	6.61744490196e-24
466	0.0009765625
467	3.51562595367
468	4.19140633312e-09
469	5.42101086243e-20
470	1.00048828125
471	0.25
472	0.000742912292992
473	0
474	1.78777791726e-248
475	0.0078125
476	1.01570991188
477	1.55575381947e-61
478	3.66373936939e-15
479	1.39161682958
480	5.48633947815e-99
481	0.25149923563
482	0.501953125233
483	5.96046536572e-08
484	2.00006103516
485	1.5
486	0.54296875
487	0
488	0.0078204348689
489	0.00903332233429
490	0.1255989934
491	1.70530256582e-13
492	3.16728019761
493	0.00195503234863
494	1.271365464
495	5.96046447754e-08
496	1.62891019136
497	0.5546875
498	0.0312500000582
499	1.001953125
500	0.178833008045


input.CWI0001.gz

451	2.06795153144e-25
452	1.12850952521
453	7.45058059703e-09
454	1.01562501869
455	3.72529029846e-09
456	2.22044604925e-16
457	5.96083041052e-08
458	1.93629595742e-121
459	1.060962677e-05
460	1.00000002988
461	0
462	0.03125
463	6.31088724177e-30
464	7.45058059692e-09
465	5.42101086243e-20
466	0
467	1.03125049919
468	3.85185988877e-34
469	3.0517578125e-05
470	5.96046447756e-08
471	2.16840434497e-19
472	7.36690708436e-11
473	0
474	0.015625
475	2.06795153138e-25
476	0.193603515727
477	1.16415321827e-10
478	1.53174115671
479	1.00004580617
480	1.01957882312e-56
481	1.90923310584e-06
482	4.65661287308e-10
483	2.16840434497e-19
484	0.001953125
485	0
486	0
487	5.37430088605e-138
488	7.62939453125e-06
489	3.88938454866e-62
490	1.25000095367
491	1.0
492	2.98023223877e-08
493	3.46944695317e-18
494	1.76037903582
495	0.000122129917315
496	1.09476442525e-47
497	5.69026239868e-160
498	0
499	3.50689495841e-192
500	3.55444840228e-15


input.iit00tde.gz

451	2.68112570082
452	1.2817440033
453	3.25142226486
454	3.99290132491
455	2.00037842989
456	0
457	0.00012266636535
458	1.85951256799
459	1.37265788392
460	1.2201883243e-07
461	2.75
462	0.251980544999
463	2.08218386839
464	1.01565551967
465	1.00024795532
466	1.0
467	0.634774277918
468	0.126953244211
469	3.53125
470	0.0156898499117
471	1.0
472	0.0097656697035
473	6.525304468e-55
474	1.01171875745
475	0.117679864226
476	1.53681043587
477	4.5917748079e-41
478	1.76896667667
479	1.58120778809
480	0.2500457766
481	2.13566070799
482	0.00879669189453
483	0.537141829818
484	1.12512397766
485	7.15255737305e-07
486	1.40625
487	1.43781002611
488	0.0357151036151
489	0.505874648694
490	1.66821289671
491	0.625
492	3.49895025929
493	2.13159182668
494	3.82084729139
495	1.96822640292
496	0.000553132967077
497	1.00000381519
498	1.02734375745
499	3.81475547329e-06
500	1.50196838568


input.NEnmLsa.gz

451	1.90991592412
452	2.45803727726
453	2.6367209305
454	1.08251024325
455	1.16000369192
456	1.00196838379
457	0.000497836914292
458	0.252578735352
459	0.299379371234
460	1.46108247534
461	1.25
462	0.212158210576
463	1.13342315576
464	3.0517578125e-05
465	0.532470703164
466	0.5
467	3.31303817805
468	3.72529213033e-09
469	2.375
470	0.500259406865
471	1.0
472	0.19922067225
473	7.57153399147e-270
474	0.0937504768372
475	0.750001442954
476	0.725995278319
477	5.96046447754e-08
478	2.17125821162
479	1.93178049481
480	0.783447266585
481	1.24230963762
482	0.000488288700595
483	0.875123054024
484	0.00781250745061
485	0.75
486	1.34375
487	0.813446044924
488	1.19141990881
489	1.75787365475
490	0.516266915462
491	2.515625
492	3.18750221282
493	1.02368259529
494	2.85515345022
495	0.0469061629847
496	2.50074015558
497	1.75
498	0.188478469849
499	0.1875
500	1.12747311976


input.PuShortWAuth.gz

451	0.125001490116
452	3.00000000373
453	1.83618992626
454	3.73890453728
455	0.6279296875
456	3.05175926769e-05
457	1.02160644543
458	3.63797882065e-12
459	0.000305175787616
460	1.25239899755
461	0.562500029802
462	0.500061035156
463	0
464	0
465	3.72892827727e-09
466	1.0
467	0.0644693972706
468	3.28331304324e-27
469	2.35098870164e-38
470	0.125
471	9.31322574617e-10
472	0.2500152588
473	0
474	1.55575381947e-61
475	1.09775469964e-18
476	1.50122261234
477	6.74700668367e-80
478	0.125000000029
479	0.266296387303
480	0
481	6.61744490042e-24
482	0.156494140625
483	0.0627441443503
484	1.0
485	9.20455024743e-92
486	2.53125190735
487	0
488	7.15255737305e-07
489	0.000976564362645
490	0.125002861023
491	0
492	1.5000000596
493	2.08166817117e-17
494	1.8813557369
495	0.25
496	2.50009704381
497	0.65625
498	9.53674316406e-07
499	1.40884073147e-132
500	1.04898071301


input.Scai9Web3.gz

451	0.00781300665403
452	0.813476802783
453	1.14490896584
454	3.04019195799
455	1.88813780101e-37
456	0
457	0.000152591616157
458	0.0117206592477
459	1.0000610352
460	0.921896159649
461	4.57763817394e-05
462	1.81898940355e-12
463	0.343883783324
464	3.0517578125e-05
465	0.0156250001164
466	0.25
467	3.01588061475
468	4.4408920985e-16
469	2.71182892019e-20
470	2.53517154604
471	7.45058059692e-09
472	0.562500059605
473	0
474	5.42101086243e-20
475	3.21031548083e-05
476	1.74417311163
477	0
478	1.13686837722e-13
479	0.785156251164
480	3.34095588762e-52
481	1.11130732606e-16
482	1.86264603741e-09
483	2.8449465006e-14
484	1.2500000596
485	3.49245965481e-10
486	0.00781261920935
487	1.02369713783
488	1.86264514923e-09
489	0.016113281541
490	2.0008883439e-11
491	0.001953125
492	2.03125
493	8.75811540203e-47
494	2.57166482603
495	0.0546875
496	1.13284355961
497	1.81250001493
498	1.34940133705e-79
499	0.5
500	0.0351562500073


input.CWI0002.gz

451	0.128906251863
452	0.0625076298602
453	1.0181236058e-28
454	4.27642353615e-50
455	0.00390625
456	3.50324616081e-46
457	0.000122071280202
458	3.53738138717e-74
459	1.90734863281e-06
460	1.16415321827e-10
461	3.72529029846e-09
462	2.64699815501e-23
463	4.65661287308e-10
464	0.0001220703125
465	1.0
466	0
467	0.00390631059418
468	7.62939453125e-06
469	0
470	7.77876909733e-62
471	6.8212102633e-13
472	1.45519152284e-11
473	0
474	3.81469760757e-06
475	3.41060513165e-13
476	0.0625309944153
477	2.32830643654e-10
478	0.0156613555627
479	0.0586434008146
480	0.015625
481	0.0312805920839
482	6.28363963558e-89
483	5.55111512313e-17
484	7.67045853953e-93
485	0
486	0
487	2.67276471009e-51
488	4.44089633367e-16
489	4.23516473627e-22
490	1.00012207404
491	2.0
492	5.82076609135e-11
493	1.0
494	1.26659870148e-07
495	0.000246048002737
496	2.29588740395e-41
497	0.00390625
498	0
499	9.86076131526e-32
500	0.002197265625


input.CWI0010.gz

451	2.86102294922e-06
452	1.0317423949
453	0.156372070312
454	1.00012970343
455	1.0078125
456	8.07793566946e-28
457	0.0156260729054
458	2.58493941423e-26
459	0.00793460011483
460	0.0001220703125
461	0
462	1.05879121562e-22
463	0
464	0
465	1.50338422207e-73
466	0
467	2.02748927336e-06
468	7.85457950721e-90
469	3.64888076315e-158
470	3.72557451556e-09
471	1.24460305557e-60
472	1.14794370197e-41
473	0
474	6.88766221185e-41
475	0
476	0.00480455171805
477	0
478	2.22044604925e-16
479	3.87430259252e-06
480	8.96831017168e-44
481	7.62986019254e-06
482	1.03397576569e-25
483	0.000122070316145
484	0
485	0
486	3.81469726565e-06
487	0
488	0.000488340854645
489	1.42108547152e-14
490	1.53137207031
491	7.2835358737e-158
492	0.0009765625
493	7.45058059692e-09
494	0.0234375002547
495	2.6645352591e-15
496	1.53798609972e-05
497	1.00974195868e-28
498	3.64176793516e-158
499	8.27180612553e-25
500	0.0156250009313


input.dcu00ca.gz

451	3.427734375
452	2.14843940736
453	1.76646252259
454	3.45722151006
455	0.2734375
456	8.75811543466e-47
457	0.531250000116
458	0.3134765625
459	1.00003814698
460	0.580330371865
461	1.5078125
462	1.25048854947
463	1.56311035645
464	2.54894705781e-57
465	2.28874236532
466	2.125
467	1.25000762942
468	0
469	1.64721842863e-83
470	0.078125
471	5.36441802979e-07
472	1.00000000047
473	0
474	2.45869159698e-07
475	0.0423583984375
476	0.0948658167649
477	2.22044604925e-16
478	1.25709533691
479	2.98678558867
480	4.47034835815e-08
481	0.00793743162649
482	4.65661287308e-10
483	1.07861328125
484	1.0800806284
485	0.75
486	3.5
487	0.125000059605
488	1.126953125
489	0.812500029802
490	1.57238769555
491	2.0
492	0.884891569614
493	1.75889611244
494	0.347702533285
495	1.82786518475
496	2.03134191409
497	3.44107134822e-21
498	0.500002399087
499	0.50390625
500	0.0395821501225


input.dcu00la.gz

451	3.427734375
452	1.07421970369
453	0.941619011603
454	3.45722151006
455	0.2734375
456	8.75811543466e-47
457	0.0351562501164
458	0.078369140625
459	1.00003814698
460	0.580330371865
461	1.5078125
462	0.312622144818
463	1.56311035645
464	2.54894705781e-57
465	1.14437118359
466	2.125
467	0.312503814726
468	0
469	1.64721842863e-83
470	0.0390625
471	5.36441802979e-07
472	0.125000000466
473	0
474	1.26659870148e-07
475	0.0423583984375
476	0.511754046314
477	2.22044604925e-16
478	1.25709533691
479	2.98678558867
480	4.47034835815e-08
481	0.00396871595876
482	4.65661287308e-10
483	0.289306640625
484	1.5400402546
485	0.375
486	3.5
487	0.125000059605
488	1.0634765625
489	0.812500029802
490	1.57238769555
491	2.0
492	0.447391569614
493	0.879501581192
494	0.347702533285
495	0.913932593073
496	1.03134191409
497	3.44107134822e-21
498	0.250002399087
499	0.25390625
500	0.0395821501225


input.dcu00lb.gz

451	0.428466796875
452	0.537109851844
453	0.30520237645
454	2.72861075503
455	0.068359375
456	8.75811543466e-47
457	0.000549316408069
458	0.0195922851562
459	0.500019073491
460	0.580330371865
461	1.5078125
462	0.0390777681023
463	0.390777589114
464	2.54894705781e-57
465	0.286092795897
466	2.125
467	0.625004768386
468	0
469	1.64721842863e-83
470	0.0390625
471	5.36441802979e-07
472	0.0156250000582
473	0
474	6.14672899246e-08
475	0.0423583984375
476	0.511736398157
477	5.55111512313e-17
478	1.25709533691
479	2.98678558867
480	4.47034835815e-08
481	0.00198435797938
482	4.65661287308e-10
483	0.0361633300781
484	1.08008122445
485	0.1875
486	3.5
487	0.125000059605
488	0.265869140625
489	0.406250014901
490	0.393096923886
491	0.5
492	0.442445784807
493	0.439750790596
494	0.173851266643
495	0.910091296537
496	0.515670866706
497	1.72053567411e-21
498	0.125001199543
499	0.0634765625
500	0.00989553753062


input.dcu00lc.gz

451	0.85693359375
452	2.14843940736
453	0.441619017642
454	2.72861075503
455	0.2734375
456	8.75811543466e-47
457	0.00439453125728
458	0.078369140625
459	1.00003814698
460	0.290165066721
461	1.5078125
462	0.0195388817228
463	0.390777589114
464	2.54894705781e-57
465	0.572185591795
466	2.125
467	0.625007629424
468	0
469	1.64721842863e-83
470	0.078125
471	5.36441802979e-07
472	0.0312500000291
473	0
474	1.22934579849e-07
475	0.0423583984375
476	0.04743242782
477	1.73472347598e-18
478	1.25709533691
479	2.98678558867
480	4.47034835815e-08
481	0.00784373290662
482	4.65661287308e-10
483	0.134796142578
484	1.0800806284
485	0.1875
486	3.5
487	0.125000059605
488	0.5634765625
489	0.406250014901
490	0.786193847773
491	2.0
492	0.884891569614
493	1.75889611244
494	0.173851266643
495	1.82786518475
496	2.03134191409
497	1.72053567411e-21
498	0.250001199543
499	0.25390625
500	0.0197910750612


input.Flab9atd2N.gz

451	2.89356517792
452	3.2471509516
453	0.672449829181
454	3.49793029323
455	0.510727053508
456	0
457	0.0157518391497
458	0.09375
459	1.75781491401
460	4.98359747555e-206
461	2.125
462	1.0840455294
463	1.31251931563
464	0.250000000058
465	1.36132813245
466	2.0
467	2.75408936533
468	5.96046447754e-08
469	2.91038304567e-11
470	0.0312509536743
471	0.250000014901
472	2.0400390625
473	0
474	8.881784197e-16
475	3.81842258437e-06
476	1.50000790694
477	1.45519152419e-11
478	3.05130435528
479	1.734375
480	1.00000000151
481	2.22363352822
482	0.00805759429932
483	1.44536233321
484	1.96363738612e-90
485	0.0234375
486	3.28125
487	2.07031251491
488	0.0468864443246
489	1.00108528161
490	2.53915409098
491	2.50000000003
492	3.60781200605
493	1.23922941275e-119
494	0.683047787854
495	1.38631097842
496	3.00000215601
497	9.53674317739e-07
498	0.25
499	0.500122070312
500	0.0156252458692


input.Flab9atdN.gz

451	1.86474669725
452	3.12354797313
453	0.522374194071
454	3.74563843251
455	0.532951474233
456	8.00833238073e-146
457	0.032348901063
458	1.75448991405
459	3.50783157589
460	2.98023223877e-08
461	1.375
462	0.18165851431
463	1.0664139092
464	0.25
465	1.52588130826e-05
466	2.0
467	2.75782991321
468	1.45519152284e-11
469	1.69447948481e-21
470	0.0312805175781
471	0.125000953674
472	3.42170736189e-13
473	0
474	3.72529029846e-09
475	3.81655992499e-06
476	1.06251556241
477	3.72529029846e-09
478	3.11541891104
479	1.7265625
480	0.25
481	1.20605862141
482	0.00793457031295
483	1.62516216375
484	1.43492962747e-42
485	0.046875
486	3.28125
487	1.76953125093
488	0.142585754627
489	1.0665897131
490	2.1374512318
491	2.12500000373
492	3.61694598571
493	0.253923416138
494	1.00287732674
495	1.34632745532
496	3.12500102352
497	9.53674327064e-07
498	0.0625004770118
499	0.500003814697
500	0.125000089465


input.Flab9atdnN.gz

451	1.79114927375
452	3.02969408149
453	0.92861458081
454	3.37235681402
455	0.267082244245
456	1.55065016145e-266
457	0.250000093365
458	0.00585937505821
459	3.5634909045
460	0.297470109546
461	1.625
462	0.14911699295
463	1.26611338183
464	2.98333629248e-154
465	2.38419408835e-07
466	2.0
467	2.62512511667
468	4.54747350886e-13
469	4.4408920985e-16
470	0.033203125
471	0.250000000466
472	9.2814644862e-14
473	0
474	1.00538234169e-87
475	5.96047051717e-08
476	1.06250781684
477	1.86264514923e-09
478	3.05201756966
479	1.734375
480	0.0625019073632
481	1.20605481044
482	0.00488281250182
483	1.63342392538
484	1.00049591064
485	0.01171875
486	1.578125
487	1.79394531623
488	0.2939453125
489	1.51627732103
490	3.03940583114
491	2.50000763033
492	3.59954214888
493	2.10550130165
494	3.2995015775
495	2.70610967472
496	3.37503070384
497	4.76837162644e-07
498	0.125000007494
499	0.500003814697
500	0.0866699256043


input.Flab9atN.gz

451	3.35498183966
452	2.07543994488
453	4.44631310936e-16
454	3.06697745295
455	0.562742263079
456	3.74534108375e-96
457	0.0332032461342
458	1.58621364832e-117
459	3.51953173088
460	8.67361737988e-19
461	1.375
462	0.17984068417
463	0
464	0
465	2.38419111857e-07
466	2.0
467	2.76574767079
468	3.05175781259e-05
469	1.13686838569e-13
470	0.00195324420929
471	0.001953125
472	0.0625000000002
473	0
474	0
475	3.81469772037e-06
476	0.156254092743
477	2.01948776923e-28
478	0.0361332921657
479	1.31762695312
480	2.20131364293e-134
481	1.01861575271
482	0.00402832124382
483	4.37905770102e-47
484	3.32653112501e-111
485	0.75
486	3.28125
487	0.00757646560851
488	0.00976563245152
489	1.87462101737e-242
490	0.0097694401652
491	9.09508579561e-13
492	3.74081695548
493	0
494	2.48936607378
495	1.69734006027
496	2.31286633016
497	1.0322265625
498	0.5
499	0.500030517578
500	0.000976562565484


input.hum9td4.gz

451	3.3592376709
452	0.432034046002
453	1.12696171942
454	3.57240508822
455	1.98449803924
456	1.01079365299e-174
457	0.14065575703
458	1.49015024348e-08
459	0.525697737932
460	0.00390625000034
461	1.56256103516
462	0.000282287628693
463	3.66055709553
464	2.03137969971
465	0.0626230314413
466	1.0
467	2.04788208148
468	2.32830643654e-09
469	0.8828125
470	3.18850708009
471	0.03125
472	2.00805693888
473	0
474	6.29425048828e-05
475	0.394533397746
476	2.00100026695
477	1.42108547152e-14
478	0.750007629395
479	1.72686887257
480	0.503295898438
481	1.25978496673
482	3.14861545121e-05
483	1.00027489662
484	2.45869159706e-07
485	1.5
486	2.75390625
487	1.59777881217
488	1.25394439977
489	0.407228618861
490	3.00828941539
491	1.1875
492	2.00006103516
493	7.10544091013e-15
494	3.55247540548
495	2.08998101938
496	0.378051878011
497	0.158204108484
498	0.875000014901
499	1.25
500	1.36435307496e-12


input.hum9tde.gz

451	1.98015595227
452	1.14003166781
453	0.566407442107
454	2.45918859318
455	2.00116349384
456	0
457	6.86646098984e-05
458	0.0161132812641
459	0.000496268738559
460	0.00390630960464
461	2.25003051758
462	4.29176774566e-06
463	3.44149866773
464	1.0468750596
465	0.125
466	1.16415321827e-10
467	0.509074339095
468	3.20474748624e-31
469	3.28234910965
470	3.13195800781
471	0.5
472	0.757814407358
473	0
474	2.96736492055e-67
475	0.468853117026
476	1.99084905383
477	1.61558713389e-27
478	0.376403866336
479	1.86474761379
480	0.125003225869
481	1.44591140941
482	4.65902871838e-10
483	0.648507118225
484	1.11022302463e-16
485	3.0
486	0.876953125
487	0.775390893235
488	1.50012208528
489	0.406250836365
490	2.98852996531
491	1.12890625
492	4.58061695117e-05
493	1.0339757657e-25
494	3.69989233442
495	1.74612426752
496	0.205108882979
497	0.533294677967
498	1.75024414062
499	0.625
500	1.70606001339e-24


input.hum9tdn.gz

451	2.85084152222
452	2.71610000369
453	0.672000933487
454	2.44405249101
455	1.97865295469
456	5.96046447754e-08
457	0.750076428058
458	0.859619140625
459	0.0186263324006
460	0.00393724582318
461	1.7500000149
462	7.70390409599e-06
463	2.77023556538
464	2.0
465	3.61770659685
466	1.0
467	3.07264043446
468	4.48503945571e-19
469	1.76562607289
470	2.08987426758
471	1.0
472	0.343750037253
473	0
474	1.49011611938e-08
475	0.394104962823
476	1.99665738131
477	5.82076609135e-11
478	0.0126954998032
479	1.47589404242
480	0.218750022585
481	1.76771572329
482	0.000275615610015
483	0.634765625015
484	0.0390625000073
485	0.1875
486	2.7509765625
487	1.51010132209
488	1.50003242528
489	0.531381607063
490	2.45600943061
491	1.625
492	2.50024414062
493	0.28125
494	2.89736758388
495	1.04687886845
496	0.579105497454
497	0.00684023648503
498	0.875000007451
499	1.25
500	0.687507631264


input.hum9te.gz

451	2.91543602944
452	0.500007763531
453	0.626512556804
454	3.38781018787
455	2.00250339514
456	2.42036994678e-122
457	6.22272509645e-05
458	1.23059564852e-38
459	0.00055086715134
460	0.471514050188
461	2.00000190735
462	0.0625000041946
463	0.313618007365
464	1.73477641554e-18
465	5.96050995227e-08
466	0.03125
467	2.25538459532
468	1.61489225837e-30
469	3.28182983398
470	2.06543540955
471	7.70371977755e-34
472	3.07372848285e-08
473	0
474	8.35238971904e-53
475	1.04687611061
476	1.72206886867
477	4.10026617893e-143
478	8.47162194225e-22
479	1.99261475424
480	2.86195427179e-06
481	1.63220238767
482	4.65902871838e-10
483	5.96628524363e-08
484	0.34375
485	0.75
486	1.8125
487	0.521012308309
488	0.502258911751
489	0.000244141599993
490	2.86755712889
491	8.88178419739e-16
492	3.15625095409
493	0
494	3.60719908553
495	2.046875
496	1.51172081015
497	1.75024414062
498	0.503479003906
499	0.75
500	1.81943360795e-12


input.iit00m.gz

451	3.89612007909
452	2.75274655452
453	0.865361392502
454	2.55584293712
455	2.99974846106
456	1.06250024028
457	3.20715386048
458	1.7890748994
459	3.68214716018
460	0.00605802284736
461	2.5
462	1.56457901001
463	3.55040556938
464	2.03906345367
465	1.00338423255
466	2.5
467	3.56860419552
468	3.14565010066
469	2.875
470	2.67712402344
471	2.52435489671e-29
472	1.50006103521
473	0.0078125
474	0.875004172354
475	0.312775496874
476	2.249989726
477	0.00784301757812
478	2.75024175597
479	3.00387510004
480	1.51522827149
481	1.24234629062
482	2.64697796017e-23
483	2.20724928472
484	0.0993765592575
485	0
486	3.75
487	0.132957698312
488	1.3125
489	2.03186037391
490	2.93510460903
491	1.93760681152
492	3.71833339636
493	2.00195324433
494	3.82286214914
495	2.75734043145
496	0.503967287026
497	0.019775390625
498	1.34375095367
499	1.00003051758
500	1.125


input.iit00t.gz

451	3.17448620505
452	0.25
453	3.88018037015
454	3.96217116753
455	2.96887886533
456	0
457	0.00354433061153
458	3.33175327605e-16
459	1.60168987571
460	0.0960121383028
461	1.375
462	0.133338997606
463	0
464	0.0625000004657
465	5.96046447754e-08
466	0.5
467	0.0222372133296
468	0.000123023987726
469	3.50048828125
470	0.251472473145
471	0.0078125
472	1.06086014929e-22
473	1.41494985607e-73
474	5.78564973776e-14
475	0.377930645278
476	0.139285598127
477	1.62428277588e-114
478	1.35525271561e-20
479	1.75815248867
480	7.64684117344e-57
481	2.3882565822
482	0.0312500300352
483	0.540039063439
484	0.0156255960474
485	0
486	2.328125
487	0
488	0.0200195350627
489	0.0468759536743
490	0.820648194422
491	2.27373675443e-13
492	3.74785459275
493	2.60155926991e-259
494	1.46796622634
495	1.99999988068
496	2.02667433769e-06
497	0.0625000377188
498	0.250289917109
499	2.38476786762e-07
500	1.50067329407


input.iit00td.gz

451	2.93057537841
452	1.14087688923
453	2.76657261444
454	3.99290132491
455	2.0003246665
456	3.07137907486e-238
457	0.000122580793702
458	1.88141727449
459	1.56941396033
460	1.20614061004e-07
461	2.75
462	0.066442072399
463	2.08210757491
464	1.1270904541
465	1.00006103888
466	2.0
467	0.634774693754
468	0.501955032698
469	3.5009765625
470	0.0625228881909
471	1.0
472	0.00122070318412
473	4.97841222229e-60
474	1.03955078125
475	0.117679864197
476	1.6307250284
477	1.79366203434e-43
478	1.95640563965
479	1.64370742604
480	0.251464858651
481	2.41727668851
482	0.0117340087891
483	0.521487254766
484	1.56256103516
485	2.23517417908e-08
486	1.40625
487	1.43781002611
488	0.166508199822
489	0.505951404586
490	1.60595712171
491	0.625
492	3.51505637588
493	2.88306623697
494	3.82613918872
495	1.96784603625
496	0.000553132967077
497	1.0000009538
498	1.04296875745
499	7.62962736189e-06
500	1.25396728936


