input.acsys9mw0.gz

451	11.8904085645
452	8.73216579848
453	7.99556810818
454	14.2143181981
455	4.23205800689
456	1.93571342764
457	5.62748759203
458	3.48809460391
459	6.50761263044
460	3.25242550761
461	3.21415886715
462	5.48408138642
463	10.1343043633
464	2.6128
465	13.1423714919
466	2.778688
467	8.47523354069
468	9.76495661179
469	6.5699196299
470	5.61144598026
471	1.82508628916
472	1.2296831697
473	0.338253076642
474	2.45614985342
475	3.97305290594
476	11.6800731005
477	0.117440022401
478	8.99121460744
479	11.521383942
480	0.668949381798
481	6.62772385868
482	0.00445484946286
483	3.75869365823
484	3.19182408246
485	3.5328
486	5.79528577297
487	6.71637604897
488	0.770977243088
489	4.89402496516
490	5.19345101854
491	3.80974105037
492	10.4051307957
493	7.25543745863
494	6.1664244064
495	1.92476167493
496	5.52558459196
497	1.05569203496
498	2.4068897744
499	0
500	1.58867512633


input.apl9all.gz

451	11.3824780116
452	8.76523776065
453	10.893329493
454	14.3376115693
455	5.64762949345
456	0.105819682476
457	2.70345921708
458	1.04184979968
459	8.26039315218
460	0.881331678827
461	1.80882421798
462	2.95656001592
463	7.59564680192
464	0.804210682329
465	4.96808429036
466	1.69548494715
467	6.80501020775
468	0.743669767909
469	7.1464003666
470	0.272031972463
471	2.0480794494
472	3.83314518875
473	0
474	0.0499834151977
475	4.25358102469
476	2.68014831619
477	0.248791580484
478	5.56605939018
479	6.13182025052
480	1.22806821825
481	3.45393974282
482	1.33453861607
483	3.8503078141
484	1.68591322195
485	3.250176
486	6.46288600269
487	6.14398607538
488	0.734583362226
489	2.5859634546
490	4.55201908927
491	2.96384033367
492	11.0014634542
493	5.59653981814
494	12.5443422652
495	6.26906276044
496	6.26247812587
497	1.70182294769
498	2.65192425743
499	1.00162435298
500	1.18684836593


input.apl9lt.gz

451	4.13017691574
452	3.29294045694
453	3.12413625276
454	1.78582732123
455	4.2979287748
456	7.16251172246e-14
457	3.06753512539
458	0.0695025415733
459	3.87996338498
460	3.05805784846
461	2.14635438765
462	2.06046096571
463	9.25418160926e-19
464	0.0014995907869
465	0.379058594693
466	0.00962611278429
467	4.50966358932
468	0.348778833367
469	4.8794715798
470	0.0175381269807
471	0.450458722024
472	3.96470132238
473	3.94199259922e-30
474	8.2448927579e-20
475	2.46577927029
476	0.688319055862
477	2.6029484674e-05
478	0.0172558430379
479	5.40997474221
480	5.539297007e-22
481	1.60121034696
482	0.127655138127
483	3.52892605893
484	6.98983840847e-20
485	3.250176
486	2.65211301313
487	1.56137412828
488	0.386070846857
489	0.877948191199
490	1.14691640562
491	8.4045703178e-22
492	9.9325083377
493	0.000316379488371
494	4.32520230762
495	6.36476160707e-16
496	0.795391599828
497	2.40287833249
498	1.3181630464
499	0.387953694123
500	0.434987581142


input.apl9ltdn.gz

451	7.73984826649
452	4.26825273249
453	10.6235182749
454	8.95301996751
455	5.60615969362
456	2.96246289275
457	1.59045177169
458	0.15313984076
459	7.48947462484
460	2.62580113126
461	1.86460807799
462	0.0041920037235
463	3.39784040126
464	0.135383089668
465	4.73951733338
466	0.0134369170578
467	4.84076404904
468	0.0469533357142
469	6.90861827574
470	0.0638855391453
471	1.55737600345
472	4.42099624754
473	0
474	3.23363334566e-05
475	4.33243897529
476	1.29175926281
477	0.0510145989339
478	7.23791713362
479	6.6643195734
480	0.154512041984
481	2.03379710643
482	0.564849759389
483	3.3115104049
484	2.04735623229
485	1.41183892859
486	4.1299056035
487	3.43105495416
488	0.779560528739
489	3.49132830438
490	3.38985017688
491	3.99190708384
492	9.81486472535
493	5.36556580056
494	1.81006223245
495	4.25762081444
496	4.91850315834
497	1.24215122468
498	3.07724767968
499	0.627634016996
500	3.31029651249


input.apl9t.gz

451	7.0847800153
452	3.80660933638
453	4.67137191699
454	3.65094860347
455	4.36004540821
456	6.41768134785e-16
457	1.39545463534
458	0.304761700832
459	5.03886328509
460	0.00111612246016
461	1.62982171265
462	2.09783321607
463	4.45408979485e-21
464	0.00345705589451
465	0.251427504112
466	0.0172558419518
467	6.45854747618
468	0.096886202505
469	4.47056035284
470	0.058854683603
471	0.739764585916
472	3.50706406155
473	8.3488250114e-30
474	5.64657571332e-24
475	4.03434627691
476	1.18487570953
477	0.000302035236166
478	0.00110137324573
479	5.52142169409
480	9.25418160926e-19
481	2.85037537362
482	0.138788495729
483	3.64835960184
484	2.2272359749e-22
485	3.250176
486	5.82277080814
487	2.27305856821
488	0.34140203197
489	0.496087799318
490	1.52947807665
491	3.89291980472e-20
492	10.3862633609
493	0.0124575617073
494	6.85915194405
495	2.3513697325e-16
496	2.08373121948
497	2.97226731588
498	1.6928
499	0.993333231099
500	0.767293473664


input.apl9td.gz

451	11.1518036783
452	8.90433132296
453	10.7601758211
454	13.8209276572
455	5.25373628215
456	0
457	2.73368840628
458	1.08083429797
459	7.71371994263
460	0.148103868192
461	1.80641332054
462	5.99363089216
463	7.16328367524
464	0.536122820836
465	2.23152911729
466	0.412126366721
467	6.33341139675
468	0.970370736696
469	7.0903075091
470	0.284958869922
471	2.02557591881
472	3.86665494145
473	0
474	0.0387546034477
475	3.84400813587
476	2.60980468699
477	0.127785641794
478	5.64094292982
479	6.25806047224
480	1.18301702168
481	3.63368406918
482	1.42736491766
483	3.89210292116
484	0.314211086057
485	3.84
486	6.61008600269
487	5.67824072011
488	0.633929726884
489	2.26216678107
490	3.96163181948
491	2.69876196369
492	10.7301626982
493	3.4621337337
494	7.1914266419
495	6.68714267512
496	4.95166716991
497	2.19917147535
498	2.14712112179
499	0.925621231099
500	0.774114831769


input.apl9tdn.gz

451	9.41592164401
452	5.76217269056
453	12.2657071129
454	14.3072724158
455	6.28777189516
456	3.28119316919
457	1.38407936459
458	0.229443124611
459	8.98746190491
460	2.03889471607
461	1.47622171265
462	0.00369963216185
463	3.98580670582
464	0.223637088278
465	6.94301060169
466	0.0284583155306
467	7.07601656396
468	0.00909313402541
469	7.00745703508
470	0.0438958231515
471	2.00000000603
472	4.06949336488
473	0
474	4.51379843677e-05
475	5.85689230012
476	1.95938942533
477	0.347202357885
478	8.00385075174
479	6.08563812023
480	0.503139505696
481	2.43431442364
482	0.968198448101
483	3.60293269506
484	1.83863556473
485	2.14213094875
486	6.08127912247
487	4.98738049748
488	0.995842196879
489	2.46213072917
490	4.93519684609
491	3.77904145457
492	10.6046891757
493	6.24384080714
494	6.83357690188
495	5.81069922276
496	7.10846475189
497	0.536359106739
498	3.25606904862
499	1.25825307664
500	1.77086028826


input.att0010gb.gz

451	11.2494913569
452	5.82489227314
453	9.68140532174
454	9.00079654734
455	3.07061576639
456	1.17363807039e-08
457	4.49107724536
458	0.49666700545
459	7.53990737587
460	1.89848705083
461	3.68640000006
462	3.46353081187
463	0
464	0
465	0.00693373954021
466	1.84070719793
467	2.34006531085
468	0.748663113534
469	2.57533316418
470	1.14624526287
471	0.0932677482849
472	1.14924538087
473	0
474	0.00291842081513
475	2.52315404889
476	5.47292993467
477	0
478	0.20169466854
479	2.98889695194
480	1.99713808216e-33
481	5.84139049398
482	0.377951497546
483	0.418321990227
484	2.33768409994
485	2.32840320516
486	6.47712272657
487	0
488	2.34105028807
489	0.446159156279
490	3.37796765656
491	0.000373129475929
492	7.62435005549
493	1.46818256715e-27
494	9.50265953368
495	5.10378653742
496	4.80948519226
497	3.10515707907
498	1.84
499	0.882017876181
500	1.3261208897


input.att0010gbe.gz

451	11.30117613
452	11.5258481446
453	13.1208573487
454	12.2562298648
455	5.49767883621
456	0.741772792377
457	0.165152850729
458	0.30919771401
459	9.21138062754
460	5.01446141151
461	3.47148816917
462	3.2717949315
463	0
464	0
465	0.0841620451614
466	0.0316305120688
467	5.76777341457
468	1.56753691726e-05
469	0.000126013759276
470	0.916119068659
471	0.484644283324
472	1.20069847804
473	0
474	1.91071937322e-11
475	5.09822753897
476	4.3807079544
477	0.00962611332093
478	0.114276574833
479	1.77892620916
480	8.57069424327e-11
481	7.59439697022
482	0.272208472171
483	8.03774702604e-13
484	5.31726873429e-14
485	2.53087304909
486	5.16800057472
487	0
488	4.5901347768
489	0.276543956634
490	2.12349576042
491	0
492	9.34694746175
493	1.2920603874e-15
494	16.2697841974
495	3.38650642963
496	5.82942503284
497	3.10046799901
498	1.69280000005
499	1.35961887314
500	1.94650159441


input.att0010gbl.gz

451	11.1665776014
452	5.67710077178
453	4.43113004054
454	9.01346078474
455	3.92533320365
456	0.0420688462816
457	3.64192766399
458	0.49666700545
459	6.97532032629
460	1.962396745
461	3.7404224103
462	3.82814057136
463	0
464	0
465	0.000103910910716
466	1.21378300793
467	2.34006531085
468	2.44045042758
469	2.42813316418
470	1.14624526287
471	0.396393835754
472	1.06660341785
473	0
474	4.60204302467e-07
475	2.52315404889
476	5.70687146625
477	0
478	0.849484688301
479	4.36141723067
480	4.17875859141e-10
481	6.92986982644
482	0.659002890092
483	0.192498506568
484	1.65306338644
485	2.7509489664
486	6.8509630464
487	0
488	1.66892369154
489	0.927500336627
490	3.98008819528
491	1.08764413681
492	8.10415036003
493	0
494	8.24816146791
495	4.53307058706
496	4.80948519226
497	3.10515707907
498	1.84
499	1.31856136329
500	1.51531300185


input.att0010gbt.gz

451	9.24865315374
452	4.85390089133
453	8.4154827832
454	7.53328501992
455	3.11227316938
456	3.65227753119e-09
457	6.81771135958
458	0.423432334501
459	7.15743533962
460	0.452314911205
461	3.40377600002
462	4.05114065805
463	0
464	0
465	0.0234769438574
466	1.84000851718
467	2.34006531085
468	0.444872330339
469	2.57533316418
470	1.04501034091
471	1.31821410809
472	1.002471632
473	0
474	0.000133443531253
475	2.52315404889
476	5.07798371363
477	0
478	2.20592584919
479	1.51423066769
480	1.83736703559e-33
481	3.46261334573
482	1.1516995962
483	0.226984010688
484	2.23062013071
485	2.53087304909
486	6.48549592269
487	0
488	2.68805374223
489	1.5147961366
490	0.744951680698
491	0.000369991356708
492	8.14997957374
493	8.90239842477e-28
494	9.20545738535
495	1.68167333082
496	5.08336739245
497	1.16711338105
498	0.248728573605
499	1.28078845422
500	1.08963282704


input.att0010glf.gz

451	9.45131782399
452	4.95666302587
453	6.85905000737
454	8.01322548205
455	4.3518013936
456	0.105546099765
457	3.98069971426
458	0.668442421366
459	6.83248417502
460	0.46135409458
461	3.4853136873
462	4.01029176773
463	0
464	0
465	0.00442811445793
466	1.21369716751
467	2.34006531085
468	1.5755303739
469	2.42813316418
470	0.999826425795
471	1.84190854154
472	0.715175545555
473	0
474	1.5073696125e-08
475	2.52315404889
476	5.1964863253
477	0
478	3.16593041105
479	3.12817454977
480	1.41347795009e-10
481	5.16302344609
482	1.27269342372
483	0.408744154319
484	1.50724264593
485	2.32840320516
486	6.96558592
487	0
488	2.2756761292
489	0.715350795955
490	2.25644004034
491	0.966389582045
492	9.04627275493
493	0
494	8.36535670578
495	1.86638991005
496	5.07393558226
497	1.02467671706
498	1.02643774628
499	1.4377695232
500	1.2197319062


input.att0010glv.gz

451	10.73223976
452	5.8438835293
453	6.85905000737
454	8.52692149228
455	3.53940893342
456	0.00407381070541
457	4.47814990209
458	0.668442421366
459	7.21390460741
460	0.46135409458
461	3.61527015138
462	3.91171797975
463	0
464	0
465	0.00442811445793
466	1.84090819163
467	2.34006531085
468	1.31450019095
469	2.57533316418
470	0.999826425795
471	1.12245192055
472	1.04290352214
473	0
474	0.000307198614409
475	2.52315404889
476	5.23614199432
477	0
478	3.16593041105
479	3.07533839787
480	3.86861313356e-15
481	5.72336076892
482	0.568427735011
483	0.414425846406
484	2.18616949377
485	2.53087304909
486	6.74551000269
487	0
488	2.17728453716
489	0.715350795955
490	2.80643672696
491	0.327607878067
492	7.58259851219
493	0
494	8.36535670578
495	4.05293399929
496	5.07393558226
497	1.02467671706
498	1.3181630464
499	1.26543652454
500	1.27125913697


input.CWI0000.gz

451	0.399637377886
452	4.5650794678
453	1.34123126958
454	4.85404706185
455	0.92
456	3.46970405129e-08
457	1.60557280545
458	0.00110164756178
459	2.12030536888
460	2.20693828491
461	0
462	0.00159812684297
463	0
464	0
465	0.439354152447
466	0
467	0.472638656877
468	8.79728408312e-11
469	2.88096263054e-06
470	0.579798922961
471	1.28370884924e-13
472	0.179707736061
473	0
474	0.000538422096901
475	0
476	5.61924574935
477	0
478	1.0009922359
479	4.07647803192
480	1.69793603871e-05
481	0.522397488884
482	0.00584693324652
483	0.0131275102225
484	0
485	0
486	0
487	0
488	0.41855181538
489	0.787968151115
490	1.2907716096
491	1.557376
492	1.14345244271
493	0.000440252593152
494	2.09081486193
495	0.125633209084
496	0.764146645625
497	0.28629740407
498	0
499	0
500	1.34755410578


input.isnnwt.gz

451	3.84
452	1.4878542036e-11
453	3.34407683211
454	2.778688
455	0
456	0.399637377886
457	1
458	0.534129183492
459	0
460	0.146258647013
461	1.55737600159
462	1.71639296
463	0
464	0
465	0.0638295578123
466	0
467	0.0693761947079
468	0
469	0
470	0
471	1.21271000269
472	1
473	0
474	0
475	0
476	0
477	0
478	0.858514399286
479	0
480	0
481	1.6928
482	0
483	0
484	0
485	0.0156432803724
486	2.01198475846
487	0
488	0.00019777419317
489	0.557846601236
490	0
491	2
492	4.13436195506
493	0
494	5.82031562306
495	0
496	4.25064660124
497	0.0277253205407
498	0
499	1
500	1.0002636655


input.iswt.gz

451	0.0914491361638
452	0.135178572611
453	5.62212563109
454	9.82030588393
455	2.35829890964
456	0.17359786283
457	1.01321837578
458	0.997929286294
459	0
460	0.260595369298
461	0.00299557728416
462	3.74288676679
463	0
464	0
465	7.27292539685e-06
466	0
467	0.904206228068
468	0
469	0
470	0
471	1.21271000269
472	0.242322217176
473	0
474	1.27598687698e-29
475	2
476	2.1541624832
477	0
478	0.974474540688
479	0
480	8.08824896339e-18
481	2.40919296
482	1.61727355204e-11
483	1.84011707441
484	2.84287176786e-22
485	1.53400700292e-13
486	1.84
487	0
488	0.00039070616843
489	1.74576726628
490	3.84144963853e-36
491	2
492	5.2932558485
493	0
494	5.18898464785
495	2.77036256414e-28
496	2.4990815232
497	0.0383065247383
498	0.00523158303494
499	1
500	0.000282634982313


input.iswtd.gz

451	0.319420067607
452	4.11052692905
453	3.37102867566
454	9.38578855656
455	2.35829890978
456	0.159710033803
457	2.56823886937
458	1.27666886744
459	0
460	0.129177343194
461	2.557376
462	2.2841695232
463	0
464	0
465	0.000334080707543
466	0
467	1.60925306513
468	0
469	0
470	0
471	1.21271000269
472	1.19636773696e-10
473	0
474	1.35580727871e-30
475	2
476	1.49508096
477	0
478	0.607438524246
479	1.51375516356e-31
480	5.79436484802e-18
481	2.40919296
482	0
483	1.00000041174
484	0.92
485	4.39182222762e-14
486	2.36678722349
487	4.10061647718
488	0.000592804007816
489	1.40463212915
490	9.86392369022e-30
491	2
492	4.77611360383
493	2.95753937716
494	6.72412100076
495	4.12512347127e-13
496	4.6864
497	0
498	2.61646591131e-09
499	1
500	0.846487320728


input.iswtdn.gz

451	1.65891153388e-18
452	0.728436520592
453	2.7505306204
454	2.0819662036
455	2.35829890994
456	0.17359786283
457	0
458	0.289315643828
459	0
460	0.11922820025
461	1.27035714522
462	6.80579566379e-16
463	0
464	0
465	3.19757766994e-06
466	0
467	3.00822178533e-06
468	0
469	0
470	9.074809795e-30
471	1.21271000269
472	1.41347795146e-10
473	3.23236658024e-18
474	8.03850622361e-24
475	2
476	1.80627379051
477	0.108044820609
478	0.660473870645
479	7.203300244e-32
480	5.86740662282e-28
481	2.40919296
482	0
483	4.397376
484	0.92
485	2.7509489664
486	1.6928
487	4.84477372067
488	0.147334148501
489	1.42341893643
490	0
491	2
492	2
493	3.99809231106
494	0
495	0
496	3.92451804774
497	1.92
498	0
499	1
500	1.00245792159


input.jscbt9wcl1.gz

451	12.2661943407
452	7.59305683265
453	5.59652879877
454	12.9563977532
455	5.47039112142
456	1.06041213943
457	1.26577102528
458	4.1871795538
459	3.27481641717
460	1.08121243289
461	3.3453653744
462	0.646689666643
463	4.22366905468
464	4.45902921093
465	12.3679375136
466	1.93512212281
467	5.40580847125
468	2.11358366922
469	7.95613584402
470	3.74577754512
471	2.0000000164
472	2.72530666701
473	0.000220074924684
474	0.516987938448
475	3.54573812783
476	8.38439554901
477	0.0309329634001
478	9.94974455177
479	9.53059416041
480	3.16948555949
481	7.14374234709
482	0.866104003333
483	3.41883189263
484	2.67817193005
485	3.250176
486	6.74551000269
487	4.51478511563
488	3.59764474671
489	4.0650529622
490	7.76264441149
491	3.82161973872
492	10.8412738846
493	2.11907542021
494	15.0293102608
495	5.11898362074
496	7.6672541199
497	0.263809172294
498	4.10403057679
499	0.939863049261
500	2.84331399065


input.jscbt9wcs1.gz

451	12.4697710637
452	5.87826960834
453	0.498260458683
454	16.8537520782
455	7.50101740347
456	0.00711296000802
457	2.01710281096
458	1.18519600191e-05
459	5.58931510938
460	0.331297614158
461	3.3332083303
462	5.12546748514
463	0
464	0
465	7.06443275002e-06
466	1.55984615138
467	4.57606938574
468	0.339717417885
469	6.56847565339
470	3.46363179544
471	1.11569320271
472	0.00247365793303
473	5.19484965626e-24
474	0.242322122805
475	2.10373494032
476	4.42833531737
477	4.66231777595e-10
478	3.12074361144e-15
479	8.6285125389
480	0.497127508085
481	8.32847978188
482	0.36523651767
483	1.11017356159
484	0.010959059232
485	3.84
486	6.74551000269
487	0.000676530232566
488	0.352109146614
489	0.788835581872
490	7.95796029494
491	0.0497104298659
492	10.4266740199
493	0.0712103449411
494	18.4819133488
495	8.15386399328
496	5.36708739978
497	1.04036699197
498	3.62609772848
499	0.9740226893
500	0.784661484765


input.jscbt9wll1.gz

451	12.6701736209
452	7.61786593185
453	5.6080626677
454	12.9461096179
455	5.63358039682
456	1.06789409972
457	1.25111445245
458	4.17392751466
459	3.27461252536
460	1.05771288366
461	3.23194267867
462	0.645876005681
463	4.06619756045
464	4.45863535667
465	12.3684008007
466	2.08232212281
467	5.51845350376
468	1.91145994236
469	8.02759615049
470	3.67458548856
471	2.0
472	2.68807995916
473	0.000768693399087
474	0.626427649996
475	7.42574814937
476	8.7339103166
477	0.0123620371787
478	0.0391061173373
479	9.22152403269
480	3.20370702917
481	7.41609767847
482	0.939836097193
483	3.41948066855
484	2.77903566421
485	3.250176
486	6.74551000269
487	4.45717015744
488	4.67567652144
489	4.05350778658
490	8.17245321561
491	3.77502910695
492	10.5158419819
493	2.56617383524
494	14.8479330389
495	4.86255553132
496	7.41334201787
497	0.966620563629
498	4.10403057679
499	0.947726145353
500	1.95106855287


input.jscbt9wll2.gz

451	12.32380335
452	11.3694323182
453	5.39722638068
454	15.5232269306
455	5.50618741136
456	1.58791422522
457	1.31201082209
458	1.71357823994
459	4.53534402368
460	1.04599343309
461	3.2246932149
462	1.62940506025
463	5.05113452834
464	4.43943718142
465	11.0799327261
466	2.12629740407
467	6.19450608455
468	1.74516336952
469	7.40003951924
470	4.38029845293
471	2.00000006773
472	3.18579412328
473	7.20894119784e-06
474	0.256601911177
475	8.29258462186
476	8.79575484672
477	0.00885666603278
478	9.50626086539
479	8.21520643589
480	2.78418522074
481	6.93284022901
482	0.959858586734
483	2.65722538335
484	2.97980105386
485	3.250176
486	6.8509630464
487	6.2399711771
488	3.03668825707
489	5.17098780295
490	8.4462710603
491	3.95903535898
492	9.9160734294
493	3.72474877199
494	15.0710586687
495	5.72852185336
496	7.35730271265
497	1.1039495785
498	3.99702013064
499	0.958702033252
500	3.58050965506


input.jscbt9wls1.gz

451	12.3782592881
452	5.99144454471
453	0.251825485447
454	16.8509409195
455	7.61112068929
456	0.00711296003036
457	2.31832621405
458	1.61113244694e-21
459	5.58941592122
460	0.390103253753
461	3.14107620627
462	4.95203502019
463	0
464	0
465	3.34974912174e-06
466	1.55984615138
467	5.08053984049
468	0.352710890915
469	6.56848268801
470	3.61269579124
471	1.11569320256
472	1.44802950578
473	3.5355171988e-23
474	0.205101444742
475	3.01789985376
476	4.20366965949
477	8.35775941012e-10
478	5.31304062555e-15
479	7.7645953473
480	0.540355987626
481	8.51275509043
482	0.365782674838
483	1.15716006335
484	0.0105621926692
485	3.84
486	6.74551000269
487	0.000629283874073
488	0.964822707793
489	0.8354752434
490	8.23753277236
491	0.0638424266002
492	10.1273820904
493	0.077402548849
494	18.2609002103
495	8.60539783329
496	5.45614335593
497	0.899800222642
498	3.59668441753
499	0.983826268301
500	0.787106450512


input.jscbt9wls2.gz

451	12.4737225551
452	5.08112597552
453	10.158911307
454	8.08653874496
455	7.31428954861
456	1.33919184092
457	2.3548227022
458	0.00939437371674
459	0.663894552573
460	0.304724506635
461	3.06820370223
462	3.88736335851
463	0
464	0
465	3.27842211046e-05
466	1.84209073613
467	4.58879207682
468	0.848320386845
469	6.56893612124
470	3.56170701472
471	1.43278592035
472	1.41486789359
473	0
474	4.39864204154e-11
475	0.00107501420574
476	4.50805704145
477	8.60820131982e-11
478	0.164442918164
479	8.47933633877
480	0.000506631619897
481	7.68766484642
482	0.685012119761
483	0.410686133533
484	0.0561207470923
485	3.84
486	6.74551000269
487	0.855182099155
488	0.453173626344
489	0.911924633891
490	8.18385353871
491	0.03279039068
492	4.92515157131
493	0
494	5.45509522711
495	8.08641487537
496	7.16228468634
497	0.170377720252
498	3.51220606853
499	0.962066881631
500	0.343515377684


input.Mer9Wt0.gz

451	2.00116631086
452	1.39548872852
453	10.4724999016
454	7.57297538648
455	0
456	0
457	0.255356903845
458	2.39771481934
459	1.88295477965
460	2.99844874433
461	3.477376
462	0
463	0
464	0
465	0.00176968817395
466	2.71639296
467	6.30241317024
468	2.00165498789
469	1.84142029554
470	2.36662735155
471	2.05021183704e-14
472	0
473	0
474	0
475	0.606355001344
476	4.11847349316
477	0
478	0.0625849346258
479	1.57970164341
480	0
481	0.000307198614409
482	0
483	0.250405459226
484	1.21406638765
485	3.84
486	4.08882669901
487	5.19640401479
488	0.187435354344
489	1.06074565004
490	4.11938914872
491	0.2104586332
492	0
493	0
494	7.43961645565
495	0.736307055002
496	5.22102110184
497	2.45275504591
498	0
499	0
500	0.778688


input.Mer9Wt1.gz

451	0.0497006174803
452	0.581479234335
453	6.28220202262
454	3.12301482656
455	0
456	0
457	0.411796754315
458	2.4583517326
459	1.00171191047
460	0
461	0
462	0
463	0
464	0
465	0
466	0
467	1.18862519478
468	1.45693604514
469	0
470	0
471	5.03271261963e-12
472	0
473	0
474	0
475	0.00794382622693
476	3.7430522868
477	0
478	3.13664914836
479	0.6590815232
480	1.3250656213e-25
481	0
482	0
483	0.622385661022
484	0
485	0
486	0
487	1.9208355363
488	0.125351451622
489	1.71639296
490	0.198071504137
491	0.434388454224
492	0
493	0
494	10.7710179098
495	1.13517857261
496	0.000260012907236
497	0
498	0
499	0
500	0.557846601236


input.Mer9WtdMr.gz

451	0.71639296
452	2.994924572
453	6.00994007253
454	1.73215196372
455	0
456	0
457	0.374614334952
458	3.07632135058
459	0.714038688213
460	0
461	0
462	0
463	3.35328971022
464	0
465	0.0638260991312
466	0
467	1.08214554878
468	1.5923767391
469	2.16985660255e-06
470	0
471	7.20894119784e-06
472	0
473	0
474	0.0327572588018
475	1.69264153087
476	3.6987131799
477	0
478	3.96018624513
479	0.6590815232
480	5.03074320036e-25
481	0
482	0
483	1.84
484	0
485	0
486	0
487	2.35438845422
488	0.205259104869
489	1.92
490	1.20629740407
491	2.6928
492	3.05359216505e-05
493	0
494	4.95386708464
495	1.6591854401
496	6.93490461649e-15
497	0
498	0
499	0
500	0.6590815232


input.Mer9Wtnd.gz

451	0.0016280311327
452	1.05517930842
453	6.20389792743
454	1.84592971269
455	0
456	0
457	0.496626696268
458	3.74529909106
459	0.726446342683
460	0
461	0
462	0
463	4.22537685056
464	6.3353145105e-36
465	1
466	0
467	0.712045746694
468	1.56856974956
469	0
470	0
471	9.55980063471e-05
472	0
473	0
474	0.0638261027835
475	1.85157153261
476	3.69870459561
477	0
478	4.73495775873
479	0.6590815232
480	1.32558435376e-12
481	0
482	0
483	1.11569320247
484	0
485	0
486	0
487	2.47784660124
488	1.38504300134
489	1.21692812444
490	1.08872212281
491	2.6928
492	0.00689607943083
493	0
494	3.37259577455
495	0.168351972186
496	0
497	0
498	0
499	0
500	0.8464


input.NEnm.gz

451	11.7534070571
452	9.28433467914
453	7.13557820543
454	10.2124218772
455	6.35285770949
456	2.1883991589
457	2.34091120363
458	2.36770703595
459	6.13728935793
460	5.55947996522
461	3.61456959906
462	3.10191163081
463	5.68376260494
464	0.28629745252
465	4.37796684881
466	1.86346671131
467	8.01878919909
468	0.222001303594
469	5.06757630904
470	2.66680206085
471	2.00685281334
472	1.9433479748
473	6.41768667639e-33
474	1.73172900987
475	3.35534510934
476	7.91860045215
477	0.270751653182
478	10.191769515
479	7.36049510842
480	3.46387362067
481	5.91646736168
482	1.24673839394
483	3.31234163728
484	1.59172498132
485	3.84
486	6.4437489664
487	7.14522152165
488	6.54018405958
489	6.53338489187
490	7.54899856259
491	4.16832331683
492	5.91894737106
493	4.23605141653
494	14.3950749151
495	2.80560226576
496	6.5743233143
497	2.4471578819
498	2.72625177718
499	1.62508801276
500	4.64143547012


input.NEnmLpas.gz

451	11.6674893577
452	9.24387742038
453	7.03600555165
454	10.1018925959
455	6.19171866036
456	2.18711670612
457	2.27696141472
458	2.36780034076
459	6.13728935793
460	5.62187619435
461	3.61456959906
462	3.35290517048
463	5.0263745463
464	0.286297448646
465	4.12836378714
466	1.86346671131
467	8.04443901788
468	0.222001303594
469	5.06757630904
470	2.66680206085
471	2.00685281334
472	1.9433479748
473	6.41768667639e-33
474	1.73173397673
475	3.23551187697
476	7.89019529508
477	0.319814575567
478	10.2168936787
479	7.36049510842
480	3.4638736239
481	5.91646736095
482	1.15748293774
483	3.29725009597
484	1.59172498132
485	3.84
486	6.33829592269
487	7.05678462212
488	6.48929470784
489	6.53373913282
490	7.48227649603
491	4.16832331683
492	5.91894737106
493	4.23605141653
494	14.3951851434
495	2.80557324788
496	6.5743233143
497	2.49178560999
498	2.66289072609
499	1.62508801276
500	4.64441327627


input.NENRtm.gz

451	12.5388843747
452	7.88416052752
453	2.34596828702
454	17.1129773827
455	5.78414954675
456	3.32813081147e-07
457	0.364219857781
458	0.100657054968
459	3.92773001659
460	0.0782635612462
461	3.13518015407
462	2.6562119718
463	0
464	1.059233023e-06
465	0.124849130356
466	1.32339462943
467	7.59486271177
468	0.0909090738162
469	0.882134685167
470	2.21243271917
471	0.305229159325
472	1.96267345377
473	0
474	3.37435240408
475	2.65506055976
476	5.61264143357
477	0.0564402465612
478	0.0387835363797
479	3.71217322714
480	0.109760066155
481	5.38579481284
482	0.827746690133
483	4.02275441232
484	4.78675911881
485	3.84
486	6.46288600269
487	4.40962185622
488	5.5185398925
489	2.86371219287e-07
490	4.30207099962
491	1.88149332916
492	5.64892222944
493	2.16272388626e-15
494	9.0026330052
495	0.0387769156651
496	4.4969480166
497	2.65218411197
498	1.8123871734
499	1.24603773617
500	0.534300969754


input.NENRtmLpas.gz

451	12.5735354667
452	7.88678106826
453	2.34596827742
454	17.0742624189
455	5.70278056316
456	3.32813081147e-07
457	0.36421598062
458	0.100657054968
459	3.92772978611
460	0.0782635612394
461	3.13518015407
462	2.6562119718
463	0
464	1.059233023e-06
465	0.124849130356
466	1.32339462943
467	7.62088096235
468	0.0909090738162
469	0.882134685167
470	2.18046172894
471	0.28171984235
472	1.99989413183
473	0
474	3.37435240408
475	2.62175248218
476	5.55833269612
477	0.0564402465612
478	0.0387835413556
479	3.71217322714
480	0.10976006622
481	5.38579481273
482	0.827746690133
483	3.90773285046
484	4.78675911881
485	3.84
486	6.46288600269
487	4.16189155919
488	5.5185398925
489	2.86371219238e-07
490	4.30207096576
491	1.88149332916
492	5.46882129007
493	2.35038411208e-15
494	8.83202063727
495	0.0387769194769
496	4.4841712139
497	2.65218411197
498	1.8123871734
499	1.21406674594
500	0.534300987134


input.NEtm.gz

451	12.5278830559
452	7.46426444503
453	2.40531883835
454	17.5424702228
455	5.77774165861
456	0.00323366012332
457	0.475995288764
458	0.150321790681
459	3.97293747604
460	0.221464355207
461	3.23852599372
462	2.70922288522
463	0
464	6.42271241086e-07
465	0.114841158974
466	1.69803158303
467	7.58074193455
468	0.0916576410667
469	0.52967056177
470	2.23511549232
471	0.356968408593
472	2.16024115847
473	0
474	3.46415683369
475	2.29689210746
476	6.24284926171
477	0.107538766828
478	0.0428042077595
479	3.50238326002
480	0.0590812352463
481	5.30546456225
482	1.15889739558
483	4.20892357475
484	4.81843325463
485	3.84
486	6.46288600269
487	4.45838075867
488	5.32702247378
489	2.91917702734e-09
490	4.16786572148
491	1.88149332916
492	5.75618617727
493	2.15814837414e-15
494	8.6536396677
495	0.0156443882905
496	4.42059139912
497	2.68728775328
498	1.7722282005
499	1.3196374156
500	0.607639560013


input.NRKlm.gz

451	10.3369149799
452	8.09670026529
453	9.548701941
454	6.07348199721
455	5.41220993579
456	2.26225656659
457	3.72594382593
458	1.30766758944
459	8.04952740954
460	2.41944181394
461	3.3518815232
462	0.914496557999
463	7.37368631107
464	0.0819662035773
465	8.22304849752
466	2.60635500134
467	8.98494546303
468	1.17673296179
469	7.13458412933
470	2.06623066396
471	2.57464356113
472	2.15024216532
473	0
474	0.893962888244
475	6.18360572161
476	4.39747297703
477	0.622385661045
478	4.90848653851
479	3.13934487203
480	1.49530658667
481	3.7857746504
482	1.03361277706
483	2.76573614019
484	1.34013013701
485	3.84
486	6.36586920247
487	7.27211770194
488	1.26368303916
489	3.41421845832
490	5.4072206646
491	2.79510015019
492	9.07388278162
493	8.21458690724
494	8.67372410454
495	0.368630384622
496	6.81600327819
497	0.365044480497
498	1.55555543608
499	0.983789445978
500	2.32112684631


input.NRKprf20.gz

451	10.3751284
452	10.4733519545
453	8.00707554831
454	5.98434219387
455	5.89671520753
456	4.81697934278
457	3.76381871331
458	5.81165296218
459	10.6659814123
460	2.20736211803
461	2.84192347724
462	0.751460942393
463	8.90970827692
464	1.12197459702e-12
465	7.28816260701
466	2.4990815232
467	9.06317110426
468	0.12910043666
469	7.13458412933
470	1.84076229728
471	2.04393285748
472	3.22953148628
473	0
474	1.10750399174
475	6.93824130686
476	4.65922135246
477	0.163932407155
478	8.69295805601
479	3.98881184216
480	0.648633860284
481	3.24117699878
482	0.568118340259
483	1.93036994126
484	0.55115491396
485	3.5328
486	6.07914774896
487	7.30410569718
488	2.65099352996
489	3.43442141794
490	6.47273882953
491	3.05069729095
492	8.64345145062
493	7.64271681366
494	15.124133092
495	2.02126160442
496	6.09462318199
497	1.20732268773
498	2.1790884194
499	1.13124288649
500	2.56965393356


input.NRKse10.gz

451	10.2781082783
452	4.75567723012
453	9.81480685069
454	10.2835381157
455	5.44841829443
456	2.63833532258
457	1.60258914376
458	2.37701649188
459	6.22232661622
460	1.15707699722
461	3.2164575232
462	0.843842661043
463	8.28939845638
464	0.000147827236686
465	10.174181092
466	2.4990815232
467	8.82470949239
468	0.517520032397
469	6.99231091184
470	0.862596810121
471	2.41162986334
472	1.6345558872
473	0
474	0.14431252806
475	1.94672815178
476	4.08306057522
477	0.0914491361638
478	3.38341068665
479	3.92166248601
480	2.209704362
481	4.33532280122
482	1.90902472964
483	3.31144189114
484	0.225484000862
485	3.84
486	6.46288600269
487	7.21074802691
488	0.971158643988
489	2.89951357966
490	4.42379938575
491	3.05588066878
492	9.26544235458
493	6.92428601018
494	7.81911247033
495	1.59117453566
496	6.24069191012
497	0.383936201323
498	0.591977459659
499	1.13269740407
500	1.28607045709


input.NRKse20.gz

451	10.3665663368
452	1.74946187255
453	9.26078555586
454	7.14642475455
455	5.27724111489
456	2.65529873826
457	0.373315096591
458	2.10844484355
459	4.51118763691
460	0.186554685027
461	3.11522260124
462	1.3803991574
463	8.38888626866
464	1.15486620849
465	9.73646374915
466	2.4990815232
467	8.8221488509
468	0.292572204574
469	6.56837451958
470	0.862596789349
471	2.59409912091
472	2.65421699654
473	0
474	0.294977957268
475	3.03240407193
476	4.13645363688
477	0.0397244488983
478	0.0279867208555
479	3.86204903601
480	2.77997525469
481	4.27663713677
482	2.31928511445
483	3.359984668
484	0.00101689750468
485	0.00348745587487
486	6.46288600269
487	7.19157281703
488	0.183137271921
489	2.80482199265
490	0.319424465647
491	2.91756067241
492	9.25004046768
493	5.99730621277
494	5.75571346153
495	1.70316831779
496	6.24068898906
497	0.389645644679
498	0.100717308683
499	1.06498540407
500	0.818875627206


input.pir0Watd.gz

451	6.29650515047
452	7.207187123
453	6.44240892456
454	16.4938930436
455	8.58031271134
456	2.35336297537e-05
457	3.0193356432
458	3.71609927744
459	2.55161425513
460	0.814462472113
461	2.05924441169
462	1.40260670523
463	8.35367891473
464	4.46775843074
465	12.1646110076
466	1.70702915777
467	3.34959845596
468	0.025527081733
469	7.83562055127
470	3.04733213013
471	2.0
472	3.09508179709
473	1.10022760441e-23
474	6.76681117794e-08
475	2.63984298827
476	5.37372920035
477	0.077402548849
478	6.87463865504
479	6.75832675072
480	2.86201314682
481	5.76312552804
482	0.967492061484
483	2.93582678645
484	2.29006060485
485	1.41183892859
486	4.6021914286
487	4.88656833043
488	2.30173533413
489	1.76317533741
490	9.05554513522
491	4.71883063758
492	7.14888333354
493	7.6912725047
494	9.64644509116
495	8.17511094672
496	4.90432634849
497	1.0597851548
498	3.15686120626
499	0.896099681531
500	1.513567074


input.pir0Wt1.gz

451	10.2616220667
452	5.99161434416
453	8.85014984071
454	9.10761712601
455	6.13916027536
456	0
457	2.24469142456
458	7.51684189457e-18
459	4.38150887263
460	1.10008683239
461	1.8888927666
462	5.05794125289
463	0
464	0
465	0.421899783113
466	1.72293621798
467	3.38682091855
468	0.0104908481317
469	6.97253948403
470	2.15433026963
471	1.43278592
472	1.75857743849
473	0
474	0
475	0
476	2.02843637757
477	7.6889158082e-10
478	0.0603047723346
479	5.39988859968
480	0.878758599408
481	5.65833676434
482	0.353109661631
483	4.58750701164
484	4.73678363044
485	3.84
486	4.03441099768
487	0
488	0.689392004241
489	1.11161248707
490	9.04007685499
491	0.885669888077
492	11.2120216162
493	2.88099211472e-06
494	9.48263201754
495	8.52853643549
496	3.10243736637
497	0.789360920204
498	2.84622886347
499	1.15766727153
500	1.48130827007


input.pir0Wtd2.gz

451	5.34014978738
452	12.2645267019
453	6.2330993105
454	17.061962701
455	8.45625519476
456	7.35045023958e-14
457	1.38066484514
458	3.04639927301
459	5.34796089112
460	0.0787067818075
461	2.05924441169
462	1.17647796789
463	7.50762414207
464	4.93011641158
465	0.920000000014
466	1.1197669734
467	4.19021277289
468	0.000276333202508
469	7.38387744423
470	2.56522078761
471	2.0
472	0.0096182768128
473	1.01181329463e-36
474	0.000762724537475
475	3.22422624087
476	6.03105425084
477	0.0554506410815
478	8.41930557872
479	6.66125173438
480	3.23857695203
481	6.10808622086
482	1.8353549857
483	3.04875371752
484	2.62842484033
485	1.19498046916
486	4.68571162473
487	4.10176662573
488	1.11816917867
489	1.44295320936
490	8.41035955743
491	5.02436169388
492	9.33239150641
493	6.68303777089
494	9.51525017628
495	11.7929661815
496	3.54198495388
497	1.04160694649
498	4.33987213478
499	0.821240213518
500	1.00241774345


input.pir0WTTD.gz

451	2.51399316263
452	9.55016019767
453	7.3968494233
454	9.46575639204
455	5.31348261897
456	5.83455755119e-16
457	1.15138653305
458	0.358906292785
459	2.23841551673
460	0.324970612278
461	1.79006896808
462	3.0908014288
463	4.08304808605
464	4.19405387393
465	0.560845902631
466	1.83138191954
467	1.7523481045
468	0.00115025567901
469	5.32698449537
470	0.892396217451
471	0.445872705961
472	3.39755093128
473	5.09415900126e-35
474	0.0203639826195
475	0.387732830206
476	0.663729171878
477	0.0655135173458
478	6.13443785346
479	4.38231933406
480	2.10556014969
481	3.45527927532
482	0.0486694902862
483	3.76719773375
484	0.354703932312
485	1.0114314691
486	1.21707141123
487	2.88611213753
488	1.33459025945
489	2.74914563764
490	4.3174254599
491	1.32770891873
492	8.42921563545
493	4.43949121136
494	7.7367614286
495	8.88702873346
496	1.00503352532
497	0.543369834793
498	0.398109338188
499	0.0541937846979
500	1.79001885869


input.PuLongAuth.gz

451	6.51504937755
452	3.74676771277
453	8.65848587328
454	12.8554872952
455	4.26676144181
456	0
457	1.40779769289
458	4.22602140264e-16
459	0.958050543633
460	4.5423490149
461	2.3625273332
462	1.83614316247
463	4.49197694848
464	0.0540224103047
465	1.4268928057
466	1.84
467	1.88683636396
468	0.00220718768203
469	2.65048536903e-06
470	0.716393713768
471	0.0933726133999
472	0.821860186375
473	0
474	0.000987164819654
475	0.0177147711423
476	2.9313563324
477	0.411369199526
478	1.36268399736
479	3.43807048355
480	3.55912393259e-15
481	0.00799587232542
482	2.32874034057
483	1.57399285449
484	0.0819662108969
485	0.00948538129122
486	4.07687210223
487	5.98218993496
488	0.516294278739
489	1.26164247359
490	2.5400314171
491	0.108044820627
492	3.80066008812
493	0.000124260327008
494	13.3662925722
495	7.35006148008
496	2.40919296
497	2.03658102443
498	0.163932407155
499	2.34575282275e-15
500	3.93993947843


input.PuLongBase.gz

451	6.51663474
452	3.7537951241
453	8.76820674987
454	12.9445616497
455	4.14057859055
456	0
457	1.23646311065
458	7.16075817766e-16
459	1.02005658918
460	4.62798995964
461	2.37334161901
462	1.8763335663
463	4.8683427835
464	0.0638260991312
465	1.42689560302
466	1.84
467	2.70427818123
468	0.00296782204877
469	2.97494141864e-05
470	0.920001335221
471	0.141222540794
472	0.823509993242
473	0
474	0.000987164819654
475	0.0200526923666
476	3.07416411606
477	0.447250671512
478	1.06534528894
479	3.44033450469
480	1.24315620121e-14
481	0.0121677661238
482	2.42578645691
483	2.23213506214
484	0.0693762242508
485	0.00575150838559
486	4.43138271982
487	5.95076459597
488	0.741533581974
489	1.42109623295
490	2.55533950774
491	0.117440024809
492	3.99234815345
493	8.9091339717e-06
494	13.744553933
495	7.77268091981
496	2.40919296
497	1.7720893655
498	0.210523864699
499	5.8697032674e-15
500	3.87376457211


input.PuLongWAuth.gz

451	6.51740482903
452	3.7537951241
453	8.60369347538
454	12.8657448915
455	4.132732278
456	0
457	1.37643379147
458	7.16075817766e-16
459	1.02005658918
460	4.47082833583
461	2.3625273332
462	1.8831049656
463	4.85718956226
464	0.0587200112007
465	1.42689560302
466	1.84
467	2.48363981133
468	0.00286372246983
469	2.97494141864e-05
470	0.716394295221
471	0.119910173779
472	0.823234150065
473	0
474	0.000987164819654
475	0.018724325196
476	2.93975167521
477	0.411580855035
478	1.05531477972
479	3.42642475643
480	1.24315620121e-14
481	0.0112042813932
482	2.39103538057
483	2.05075749705
484	0.0693762242508
485	0.00872655078793
486	4.43707954741
487	5.95076459597
488	0.660854700468
489	1.30740853431
490	2.56146240631
491	0.117440024809
492	3.98665132585
493	8.9091339717e-06
494	13.3254669688
495	7.69296233979
496	2.40919296
497	1.7274616374
498	0.210523864699
499	5.8697032674e-15
500	3.86044938769


input.PuShortAuth.gz

451	1.00449482296
452	4.72288929922
453	9.4489363626
454	16.3413124821
455	3.46378120598
456	0.349556285586
457	3.69893354475
458	0.0200844344189
459	0.759365884157
460	4.43663896168
461	2.3625273332
462	1.16236304731
463	0
464	0
465	0.141361705531
466	1.84
467	2.35017343751
468	0.0023991169251
469	2.65048536903e-06
470	0.808623306778
471	0.0460971696176
472	0.42832062602
473	0
474	4.17875859141e-10
475	0.0209326675557
476	3.03358975724
477	2.53381117131e-10
478	0.924936129494
479	2.60311569207
480	0
481	0.000987164819654
482	2.29676935034
483	1.51954131325
484	1.00000789154
485	4.74391338884e-09
486	4.61459777608
487	0
488	0.202106707695
489	0.565660522589
490	1.8510008268
491	0
492	2.82822051912
493	0.0152609719789
494	12.6907009758
495	0.84640024148
496	4.44737992699
497	2.32275781004
498	0.293866462198
499	5.5047104286e-17
500	3.78620860036


input.PuShortBase.gz

451	1.7127532587
452	4.73046878533
453	9.55951716594
454	16.3445277286
455	3.37811249507
456	0.59061332262
457	4.25953170974
458	0.095091447836
459	0.865284461995
460	4.4329242274
461	2.37334161901
462	1.03450934943
463	0
464	0
465	0.306997111897
466	1.84
467	3.40987668824
468	0.00289256722483
469	2.97494141864e-05
470	1.0530272404
471	0.167104603693
472	1.26369806357
473	0
474	4.84329724749e-08
475	0.023695408674
476	3.20098538695
477	2.99363323643e-10
478	0.509870151359
479	3.00842428386
480	0
481	0.00176959905728
482	2.39103538057
483	1.9547786984
484	1.00000012212
485	3.76557010486e-11
486	5.46291289217
487	0
488	0.26269836995
489	0.638563922145
490	1.93355221799
491	0
492	2.82828928337
493	0.029882707841
494	14.0873277704
495	0.846534181105
496	5.412046479
497	2.35778496033
498	0.34719572566
499	1.37742632026e-16
500	3.82433376939


input.ric9dpn.gz

451	12.0313294871
452	9.99551176811
453	9.03624381008
454	16.8396521427
455	6.45814147436
456	3.60724296173e-18
457	2.72265098047
458	1.76610343196
459	6.3765222763
460	1.1907372307
461	3.6243092311
462	2.96158731918
463	10.9711530858
464	1.37067400234
465	3.71786104898
466	1.84116631004
467	6.22992438666
468	0.707288259062
469	6.96649449577
470	4.17303152315
471	2.06942525741
472	3.06758975235
473	1.93556261231e-08
474	0.0907305312074
475	3.66571628784
476	7.3450126271
477	0.00214706971053
478	6.29303705074
479	7.67554343118
480	1.62826185478
481	6.42204925796
482	1.28975620115
483	6.01333061346
484	2.4127124645
485	3.84
486	6.96558592
487	5.42735827417
488	2.66038461065
489	4.25018716632
490	8.90755993122
491	3.51650615334
492	8.51690678317
493	4.01137623429
494	12.6169423639
495	11.9225362924
496	5.37098391249
497	0.743605859839
498	3.73901947876
499	1.02776046871
500	1.57556079662


input.ric9dpx.gz

451	11.6375841683
452	11.4368085465
453	7.16189005476
454	17.2967296981
455	7.46369128605
456	0
457	1.25834818775
458	0.393148998644
459	3.46837591811
460	0.511538878655
461	3.32588906386
462	3.08312703298
463	4.96855429402
464	1.21250918671
465	0.78316872744
466	1.21271002754
467	4.59100097355
468	0.163880899529
469	5.71744687215
470	4.10717701679
471	2.00000004099
472	4.2983165708
473	0
474	0.000976681112502
475	4.77775378508
476	5.76122761438
477	1.12275686479e-05
478	10.4082866621
479	7.60309412023
480	2.13443861654
481	7.59751696959
482	0.722109414429
483	6.66639585802
484	1.38062574921
485	1.97076047285
486	5.79528577297
487	5.32663926637
488	1.81241791028
489	4.89595043563
490	9.9386321399
491	4.05241470804
492	8.84245085724
493	2.10356817005
494	16.234754626
495	12.4560329656
496	5.03362522758
497	1.21450447424
498	2.87348336362
499	0.884107592476
500	1.10146280525


input.ric9dpxL.gz

451	11.6375841683
452	11.4368085465
453	4.6264177985
454	17.2967296981
455	7.46369128605
456	0
457	1.25834818775
458	0.393148998644
459	3.46837591811
460	0.511538878655
461	3.32588906386
462	3.08312703298
463	4.96855429402
464	1.21250918671
465	0.78316872744
466	1.21271002754
467	4.59100097355
468	0.163880899529
469	5.71744687215
470	4.10717701679
471	2.00000004099
472	4.2983165708
473	0
474	0.000976681112502
475	4.77775378508
476	5.76122761438
477	1.12275686479e-05
478	10.4082866621
479	7.60309412023
480	2.13443861654
481	7.59751696959
482	0.722109414429
483	6.66639585802
484	1.38062574921
485	1.97076047285
486	5.79528577297
487	5.32663926637
488	1.81241791028
489	4.89595043563
490	9.9386321399
491	4.05241470804
492	8.84245085724
493	2.10356817005
494	16.234754626
495	12.4560329656
496	5.03362522758
497	1.21450447424
498	2.87348336362
499	0.884107592476
500	1.10146280525


input.ric9dsx.gz

451	11.8868982475
452	11.5410361208
453	8.19067773872
454	17.2948334573
455	7.49383633734
456	0
457	0.992308231356
458	0.457123686078
459	3.77526720049
460	0.940046201312
461	3.30198914553
462	3.53573283322
463	3.91805533705
464	1.09145015392
465	0.931981554022
466	0.946413462699
467	5.67808182712
468	0.0680461317727
469	1.02597223173
470	4.04484791877
471	2.00000783581
472	3.94538994175
473	0
474	0.00266272928044
475	5.36209653535
476	6.51985878823
477	0.00634442499764
478	11.5629172556
479	7.25674681613
480	1.53619331605
481	7.50286376061
482	1.34910313177
483	6.84049858821
484	2.30857282767
485	2.32840320516
486	6.10585512247
487	5.66024155585
488	2.95232920429
489	4.93928979908
490	9.27399975241
491	3.24318565163
492	7.41383717819
493	0.000565245456976
494	16.4780124561
495	13.6375908295
496	5.09097561362
497	1.20894551311
498	2.81125947975
499	1.50555000894
500	1.11658582955


input.ric9tpx.gz

451	12.0509037573
452	8.42975392385
453	11.5424187495
454	16.6406887762
455	7.29809200234
456	6.77469053214e-05
457	1.03952207264
458	0.275151531705
459	1.91923675477
460	5.96296322143
461	3.54257953174
462	3.25146760717
463	3.87112522461e-08
464	0
465	0.44617138716
466	1.3181630464
467	6.01689580896
468	0.129769022231
469	4.80130466952
470	2.90955169442
471	0.799274807646
472	3.49044626427
473	0
474	0
475	3.68502089547
476	5.21925797728
477	8.67349283898e-17
478	2.76966524927e-07
479	5.63943121453
480	4.5137685081e-05
481	7.55540378507
482	1.34212889225
483	1.33398122711e-11
484	0.00514586463362
485	3.250176
486	6.17829592269
487	0
488	1.60986643807
489	0.74295613782
490	9.93514016776
491	0.130043302747
492	11.5349115274
493	1.07289379365e-22
494	17.205177868
495	15.0039089542
496	4.41543921731
497	2.74972980763
498	1.81404882089
499	0.249639269647
500	1.43331572682


input.rmitNFGweb.gz

451	7.26778183186
452	1.70696615818
453	5.49341214384
454	2.00411250858
455	0.015875374596
456	0
457	0.00523158303551
458	0.47216136329
459	1.91462340665
460	0
461	3.16373100134
462	6.20257401218e-11
463	6.16192715911
464	0
465	0.00618101964649
466	2.0
467	7.17679281489
468	0.117660229884
469	0.164795822009
470	0
471	0.000130587110216
472	1.47856474211e-06
473	0
474	0
475	1.5948348025
476	0.958715082805
477	0.806577428085
478	0.00223700444795
479	2.21093480287
480	8.40128141101e-35
481	0.0540327392157
482	6.58823792849e-14
483	0.794270162138
484	0.920009043227
485	0.245092220664
486	4.7788629111
487	2.53559918408
488	0.484596003587
489	0.00406506576559
490	0.000835561298335
491	2.10222613697e-34
492	5.13018038476e-14
493	0.324203242464
494	5.79478741889
495	0
496	4.13079553612
497	1.52768156224
498	0.000932202174073
499	0.242322190412
500	0.0584210645407


input.rmitNFLweb.gz

451	7.13182467941
452	1.85506496339
453	5.49341214384
454	3.67827574505
455	0.020387336901
456	0
457	0.00523158303551
458	0.47216136329
459	0.0011080372262
460	0
461	3.16373100134
462	2.53910870276e-10
463	6.16192715911
464	0
465	0.00618101964649
466	2.0
467	7.28845607969
468	0.117660261091
469	0.230843541912
470	0
471	8.08613432732e-05
472	8.24819680165e-07
473	0
474	0
475	1.60145243071
476	0.958715082805
477	0.808652930745
478	0.00223700444795
479	2.20725303089
480	2.48372653234e-34
481	0.0540327392322
482	2.2284911782e-14
483	0.851580791339
484	0.920011332321
485	0.266404587678
486	4.74652644548
487	2.53559918408
488	0.49400465942
489	0.00406506576559
490	5.8014945597e-05
491	4.09615906001e-34
492	1.0522074087e-14
493	0.324203242464
494	5.79478741889
495	0
496	4.13079553612
497	1.52768156224
498	0.000857626000147
499	0.0968412344371
500	0.042142724501


input.rmitWFGweb.gz

451	2.3998466148
452	8.15728107752e-06
453	0.941434276061
454	0.134946098738
455	0
456	0
457	0
458	2.06309349779e-19
459	4.35384321403e-14
460	0
461	1.3181630464
462	0
463	1.71901032689
464	0
465	1.10067254159e-10
466	0
467	0.546570920648
468	0
469	1.71413884865e-10
470	0
471	0.000260012907236
472	2.68389646671e-16
473	0
474	1.03346699828e-15
475	0.280630443984
476	0
477	0
478	1.50342377782e-06
479	3.51547207607e-05
480	0
481	4.23309107883e-07
482	0
483	8.76845537291e-13
484	2.24249293238e-19
485	0
486	0.155362893584
487	0.0016280311327
488	5.79663671242e-05
489	1.87441775894e-09
490	8.3575181696e-10
491	0
492	2.71772873307e-26
493	0.0694085933486
494	1.82429042501
495	0.0142291577653
496	0.261700634285
497	0.0750220233359
498	0
499	0.00192347723617
500	5.20317094139e-09


input.rmitWFLweb.gz

451	3.20749069908
452	1.3770039053
453	2.07967456997
454	3.01658967624
455	0
456	0
457	1.53578785162e-23
458	0.8464
459	0.159710042828
460	0
461	2.3181630464
462	3.19212772718e-08
463	3.6975988437
464	0
465	0.000550686649571
466	2.0
467	4.98018602117
468	0.077426077464
469	0.0915260033391
470	0
471	0.000133443531253
472	2.88096235764e-06
473	0
474	0
475	0.279668388049
476	0.0215893744012
477	0.00618098184657
478	0.000293028437625
479	1.43192157257
480	0
481	6.98120923905e-07
482	7.53499002672e-28
483	0.00209183307361
484	0.159710033805
485	0.00412034011682
486	5.47389239179e-05
487	1.08698999615
488	0.000202590477529
489	1.87441775894e-09
490	5.79858848835e-05
491	0
492	3.40246132531e-19
493	0.0696021569681
494	2.23575528157
495	0
496	2.14652961487
497	1.07502202334
498	4.26245417745e-05
499	0.00209073612627
500	0.000186273947932


input.Sab9web1.gz

451	12.320630727
452	9.16073835252
453	2.11752500443
454	14.2716561769
455	4.50325317083
456	0.0922191898428
457	1.95949653659
458	0.397383944107
459	6.52926674329
460	0.00137142745127
461	2.94643774628
462	4.69030643417
463	0
464	0
465	0.456303788696
466	1.84
467	7.65824891125
468	0.0152559687674
469	0.257166149557
470	0.694804882608
471	0.955800712719
472	0.736255195247
473	0
474	0
475	3.86255884379e-05
476	4.59722434289
477	0.000164959785968
478	0.21294808426
479	2.66833486291
480	2.31655118339e-05
481	5.1184102648
482	0.508041621872
483	0.111037960797
484	4.08278969873
485	0.20744605557
486	5.83123224887
487	0
488	3.18899949385
489	0.554629027717
490	3.13550030276
491	3.03255669107e-07
492	7.99158887315
493	0.183910105052
494	16.3154974534
495	0.000220074924884
496	6.04720400413
497	0.228422691497
498	1.6928
499	0.26269156237
500	2.30647441553


input.Sab9web2.gz

451	11.17731233
452	10.5738856653
453	13.4317260283
454	16.9076639738
455	5.54876599611
456	1.97668453276
457	3.01800633767
458	0.716426084675
459	8.67561603878
460	4.56767769022
461	3.2381630464
462	1.34648812487
463	5.78428298296
464	1.24854956969
465	8.75261830393
466	2.00481305639
467	7.97817365014
468	0.229624006529
469	2.99853823062
470	1.30029504934
471	2.18483095345
472	2.24174024479
473	0
474	2.17583338067e-19
475	3.84254461781
476	6.90468742646
477	0.31942408909
478	9.46756682403
479	3.96052462014
480	0.780934170593
481	4.83975902249
482	0.509927665776
483	3.05742707124
484	0.717622901905
485	0.856075595446
486	5.93194774896
487	6.8561700711
488	4.45189925569
489	2.65212330889
490	8.01554528568
491	4.39720110009
492	10.7941364573
493	8.88543455448
494	17.6731917976
495	0.814906338241
496	6.86679967656
497	1.04647966176
498	2.1062699425
499	1.03509332916
500	4.49323061422


input.Sab9web3.gz

451	10.922937225
452	10.3020311274
453	13.8056102783
454	16.5354095186
455	5.91780332051
456	0.897221261809
457	2.93666004021
458	0.117475850362
459	8.52484256509
460	4.8930753966
461	3.2381630464
462	1.71503577648
463	5.61357276046
464	1.46626864082
465	9.52771014553
466	2.00000000134
467	7.54308733494
468	0.294716661005
469	3.95111034631
470	1.34426499246
471	2.16784628883
472	2.49963526203
473	0
474	2.49906808384e-19
475	3.603249662
476	8.30270791485
477	0.293868069333
478	9.38408731933
479	4.11842434989
480	0.847555416781
481	4.72859513015
482	0.680876209235
483	2.71655279536
484	0.540506787255
485	0.930516951571
486	5.71440872926
487	7.47240340799
488	4.49926742409
489	2.99354655974
490	8.18245019036
491	4.52995865292
492	10.8228803814
493	8.9311640047
494	17.7111204907
495	0.874923030617
496	6.85412703295
497	1.96570143809
498	2.66293284218
499	0.981578572611
500	4.37411229124


input.Sab9web4.gz

451	11.17731233
452	10.9157554367
453	13.3372198279
454	16.886846229
455	5.20644129232
456	2.15780416789
457	2.9792629418
458	1.47269605558
459	8.67443614655
460	4.79193497982
461	3.2381630464
462	1.48625357654
463	5.77968106906
464	1.13855999001
465	8.64021480206
466	2.00407377093
467	7.89330483345
468	0.229623769183
469	2.96777607804
470	1.20395266435
471	2.23245044877
472	2.24315794261
473	0
474	2.21527566238e-22
475	3.43683222822
476	5.81795516576
477	0.293870833376
478	9.46747968724
479	3.9606548069
480	0.849546507972
481	4.88587407303
482	0.508174556059
483	3.1147291771
484	0.737128022971
485	0.930516951571
486	5.69950694875
487	6.85628982821
488	4.3965101863
489	3.00678290466
490	7.93188668547
491	4.44823598613
492	10.415983835
493	8.87192899637
494	17.6613881066
495	0.806848768846
496	6.86803791616
497	1.08866977398
498	1.86025867982
499	1.05150144474
500	4.41654715677


input.Sab9web5.gz

451	11.1013316454
452	10.8060313227
453	13.1023128952
454	16.8472430051
455	4.72683604934
456	1.51713697336
457	3.01800633767
458	0.716426084675
459	8.67561603878
460	4.56767769022
461	3.0845630464
462	1.34648812487
463	3.51341121767
464	2.10893717258
465	8.0836542083
466	2.00407377093
467	7.31502433169
468	0.229597056246
469	2.99853823062
470	1.30029504934
471	2.18483095345
472	1.48890067027
473	0
474	2.17583338067e-19
475	3.53947875224
476	6.8947034403
477	0.0841348124057
478	9.46756682403
479	3.96052462014
480	0.780934170593
481	4.83975902249
482	0.248259940512
483	3.05742707124
484	0.607396024172
485	0.856075595446
486	5.93194774896
487	6.8384581344
488	4.16742786652
489	2.65212330889
490	8.01554528568
491	4.27560425096
492	8.23763189155
493	7.60937530208
494	17.6731917976
495	0.814906338241
496	6.86679967656
497	1.04647966176
498	1.9377683471
499	0.387757898547
500	4.49323061422


input.Scai9Web1.gz

451	2.82310339059
452	4.47948040247
453	2.40310576329
454	11.7410468591
455	0.0540579530869
456	0
457	0.892744293895
458	1.53525500904
459	2.38946597419
460	4.80273021938
461	0.606022075724
462	0.0168136301587
463	5.29429144235
464	0.287015731115
465	0.533753392083
466	1.5573889228
467	6.79634835123
468	0.0262097541108
469	6.35852445387
470	5.27072007212
471	0.210523864699
472	2.73784152799
473	0
474	7.27523858065e-13
475	2.74106713725
476	6.86814421909
477	3.65178955718e-28
478	0.00182455044331
479	4.36133573941
480	0.00122342891736
481	0.00968314874402
482	0.232787983487
483	0.0302554950954
484	2.31944470076
485	0.190850371124
486	1.29185374156
487	3.9819437348
488	0.0892427962397
489	1.42664975434
490	0.167386732348
491	1.84572571788
492	1.84298880953
493	0.000848532635122
494	9.64056257214
495	3.98292351933
496	4.36674450117
497	2.9331993111
498	3.46590823237e-10
499	0.947725320541
500	1.86926232434


input.Scai9Web2.gz

451	2.27602129972
452	5.04355461351
453	0.0123619823435
454	12.1113748328
455	7.0690955861e-05
456	0
457	0.892744293895
458	1.53535695845
459	2.75484673139
460	4.80273021938
461	0.606022075724
462	0.0168136301587
463	5.72036514475
464	0.370828054766
465	2.12609932602e-06
466	1.5574011799
467	6.82411108772
468	0.0656835038641
469	5.41790264086
470	5.27072007212
471	0.210523864699
472	2.73784152799
473	0
474	7.27523858065e-13
475	3.1045574977
476	6.93947074699
477	3.65178955718e-28
478	0.00182455044331
479	3.98715831539
480	0.00122342891736
481	0.00968314874402
482	0.232787983487
483	0.0302554950954
484	1.794172343
485	0.190850371124
486	0.448930928871
487	3.98194374185
488	0.0892427962397
489	1.42664975434
490	0.167386732348
491	1.84253706375
492	0.572596092733
493	0.000848532635122
494	9.64056257214
495	4.16867902874
496	4.36676901562
497	3.01962212639
498	3.46590823237e-10
499	0.947725320541
500	1.86926232434


input.Scai9Web4.gz

451	2.90879044101
452	4.8211527379
453	0.80764935534
454	11.9695137171
455	7.0690955861e-05
456	0
457	0.892744293895
458	1.53535666384
459	2.54239434648
460	4.80273021938
461	0.606022075724
462	0.0168136301587
463	5.30675106475
464	0.36951999735
465	0.264661550307
466	1.5574011799
467	6.67322911637
468	0.051083440544
469	6.99985766924
470	5.27072007212
471	0.210523864699
472	2.73784152799
473	0
474	7.27523858065e-13
475	2.46328075084
476	6.93496266689
477	3.65178955718e-28
478	0.00182455044331
479	4.46748965488
480	0.00122342891736
481	0.00968314874402
482	0.232787983487
483	0.0302554950954
484	2.04120741822
485	0.190850371124
486	1.02731039406
487	3.98194374185
488	0.0892427962397
489	1.42664975434
490	0.167386732348
491	1.84119846371
492	1.19982640779
493	0.000848532635122
494	9.64056257214
495	4.26312723125
496	4.36676901562
497	2.93802836414
498	3.46590823237e-10
499	0.947725320541
500	1.86926232434


input.tnout9f1.gz

451	10.4154190785
452	9.49242011019
453	10.6724403118
454	7.86490397968
455	5.07827293251
456	0.34788887454
457	3.48271471112
458	1.97722309658
459	7.85565747534
460	2.16853837221
461	3.471488279
462	0.821038580175
463	6.72202074204
464	0
465	7.77743254968
466	2.36766638765
467	8.34524153304
468	0.818070692045
469	6.74168484086
470	2.26435791533
471	2.92149467966
472	1.99474340013
473	0
474	0.0190650130706
475	7.15850021263
476	4.79170890139
477	0.799274755779
478	7.09287328516
479	3.56658218128
480	0.699269072044
481	3.8428880818
482	1.44261460523
483	3.91087639939
484	1.9048904299
485	3.84
486	6.20287192269
487	6.87132355294
488	2.81831721739
489	4.50633873228
490	4.11295891788
491	3.12521556774
492	9.06666691246
493	7.41366704475
494	10.2322588792
495	0.241720478411
496	6.56697578904
497	0.123443483813
498	1.1641043071
499	1.25825307664
500	3.44983066669


input.tnout9t2.gz

451	12.1828892763
452	4.92954436152
453	11.435036955
454	13.120571525
455	5.04420097984
456	2.27076101915e-29
457	1.83469901549
458	0.738632610574
459	5.27820223772
460	4.31177984317
461	3.48756966845
462	2.60514636758
463	0
464	0
465	0.0664855084363
466	1.84046610109
467	6.00014098624
468	0.115990776392
469	6.14889038267
470	3.1733001516
471	1.56139021336
472	0.701801138928
473	0
474	3.27951705752e-17
475	2.50385613801
476	4.50639510637
477	1.46856108863e-33
478	0.100533254275
479	5.48644247215
480	0.223759711104
481	4.16707062261
482	0.184190118218
483	0.0910725727629
484	1.11131804395
485	3.84
486	6.48549592269
487	0.371551713005
488	1.79825896015
489	1.9153678696
490	6.81790172927
491	0.466320088851
492	7.55908541633
493	0.14472331302
494	12.1786760667
495	0.0435071735204
496	5.01087303509
497	2.51567519352
498	1.52532453108
499	1.92039450796
500	0.564770857246


input.tnout9t2lc10.gz

451	12.1828892763
452	4.92954436152
453	10.9315715562
454	13.120571525
455	4.65055598119
456	2.27076101915e-29
457	1.55288942947
458	0.738632610574
459	5.27820223772
460	4.31177984317
461	3.48756966845
462	2.60514636758
463	0
464	0
465	0.0664855084363
466	1.84046610109
467	6.00014098624
468	0.115990776392
469	6.14889038267
470	3.0133001516
471	1.56139021336
472	0.701801138928
473	0
474	3.27951705752e-17
475	2.50385613801
476	4.50639510637
477	1.46856108863e-33
478	0.100533254275
479	5.48644247215
480	0.223759711104
481	4.16707062261
482	0.184190118218
483	0.0910725727629
484	1.11131804395
485	3.5328
486	6.48549592269
487	0.371551713005
488	1.79825896015
489	1.9153678696
490	6.81790172927
491	0.466320088851
492	7.55908541633
493	0.14472331302
494	12.1786760667
495	0.0435071735204
496	4.68999599138
497	2.51567519352
498	1.30524861377
499	1.76679450796
500	0.564770857246


input.tnout9t2lc50.gz

451	11.2294943579
452	4.1174098959
453	10.4037059794
454	13.120571525
455	4.66130715481
456	2.27076101915e-29
457	2.20530070132
458	0.738632610574
459	5.27820223772
460	4.31177984317
461	2.30206793927
462	2.45048068083
463	0
464	0
465	0.0664855084363
466	1.69326610109
467	5.553708686
468	3.84731027451
469	6.14889038267
470	2.39355035965
471	0.871902728222
472	0.669830148697
473	0
474	3.27951705752e-17
475	2.23985942252
476	3.80997387211
477	1.46856108863e-33
478	0.0930867588801
479	5.48644247215
480	0.223759711104
481	3.56218249618
482	0.146745304551
483	0.0853757451676
484	1.11131804395
485	3.250176
486	5.05017784905
487	0.342138401993
488	2.38863240909
489	1.62603315963
490	6.81790172927
491	0.404935787608
492	6.96608635088
493	0.14472331302
494	11.2120291854
495	0.0400265996387
496	3.98482790711
497	2.13083323155
498	1.30524861377
499	1.76679450796
500	0.564770857246


input.tnout9t2lk50.gz

451	12.0225438326
452	2.94312616657
453	5.62316881623
454	8.97082437826
455	0.00458110113052
456	6.88621142445e-36
457	5.63565378423e-07
458	2.23994523356e-07
459	1.47259315022e-06
460	1.20296592975e-06
461	1.01984261077e-06
462	7.26823386299e-07
463	0
464	0
465	1.12473628971e-08
466	2.63528257894e-07
467	1.52923173712e-06
468	1.09461642476e-08
469	9.56984925977e-07
470	5.47010152807e-22
471	4.35620392979e-07
472	1.95799157262e-07
473	0
474	7.74430231721e-24
475	6.98563872386e-07
476	1.30205715705e-06
477	0
478	2.80482965499e-08
479	1.58137523165e-06
480	4.8611847211e-08
481	1.00139852158e-06
482	4.00153443191e-08
483	2.15060182311e-08
484	2.41434093245e-07
485	1.07134161257e-06
486	1.80942230733e-06
487	0
488	3.59418387853e-07
489	5.34378698809e-07
490	8.98127372742e-07
491	5.03507728521e-09
492	1.17646982838e-06
493	2.89258783095e-08
494	3.39633006973e-06
495	4.85091561962e-09
496	4.03639143109
497	2.58050820921e-07
498	3.04866927434e-07
499	5.35780872119e-07
500	1.57568364827e-07


input.UCCS1.gz

451	0
452	0.00291842081513
453	0.481392857272
454	0.124374904886
455	0
456	0
457	4.90801966527e-15
458	6.71582943744e-16
459	0.0301362179791
460	0.778688
461	0.00885602376154
462	0
463	0
464	0
465	0
466	0
467	0
468	4.45698225444e-14
469	0.0994012726748
470	2.4183051623
471	0
472	0
473	0
474	0.000239211874657
475	0.00146708212579
476	0.528943588449
477	0
478	0.0235506754463
479	0
480	0
481	1.61753407425e-11
482	0
483	0.047374723801
484	0
485	0
486	0
487	0
488	0.00937817497393
489	2.43297041764
490	2.58288309973e-12
491	0
492	0.684026104669
493	3.27652039049e-08
494	10.936591341
495	0.0272769133106
496	4.41992897597
497	2.7664
498	0.846400020775
499	1.29989083697e-23
500	6.63222590202e-06


input.UCCS2.gz

451	0
452	0.00317219653818
453	0.481392857272
454	0.505285788997
455	0
456	0
457	5.33480398399e-15
458	6.71582943744e-16
459	0.0638260991312
460	0.778688
461	0
462	0
463	0
464	0
465	0
466	0
467	0
468	0
469	0.0994012726748
470	2.4183051623
471	0
472	0.513218873138
473	0
474	0.000239211874657
475	0.00146708212579
476	0.289289005799
477	0
478	0.0235506754463
479	0
480	0
481	0.402555798701
482	3.69976467807e-06
483	0.047374723801
484	0
485	0
486	0
487	0
488	1.24266972483e-27
489	2.43297041764
490	2.80748162986e-12
491	0
492	1.21271000269
493	3.27652039049e-08
494	10.936591341
495	0.0198622408319
496	4.41992897597
497	2.7664
498	1.78071760332e-08
499	1.29989083697e-23
500	6.10164782986e-06


input.UCCS3.gz

451	0
452	0
453	0
454	0
455	0
456	0
457	0
458	8.73326268028e-26
459	0
460	0
461	0
462	0
463	0
464	0
465	0
466	0
467	0
468	0
469	0
470	0
471	0
472	0
473	0
474	0
475	0
476	4.2297787101e-33
477	0
478	0
479	0
480	0
481	0
482	0
483	0
484	0
485	0
486	0
487	0
488	0
489	0
490	0
491	0
492	9.37692197328e-22
493	0
494	0
495	0
496	0
497	0
498	0
499	0
500	0


input.UCCS4.gz

451	0
452	0
453	0
454	0
455	0
456	0
457	0
458	9.49267682639e-26
459	0
460	0
461	0
462	0
463	5.26445352988e-08
464	0
465	0
466	0
467	0
468	0
469	0
470	0
471	0
472	0
473	0
474	0
475	0
476	2.17080226322e-33
477	0
478	0
479	0
480	0
481	0
482	0
483	0
484	0
485	0
486	0
487	0
488	0
489	0
490	0
491	0
492	2.64511778217e-20
493	0
494	0
495	0
496	0
497	0
498	0
499	0
500	0


input.uwmt9w10g0.gz

451	11.500232288
452	4.00087954109
453	8.31428441745
454	14.23622043
455	3.98559131631
456	8.22725091474e-08
457	3.07783587089
458	0.631814714605
459	3.05870391389
460	2.03292806757
461	4.23144300134
462	2.96860306734
463	0
464	0.00698727618952
465	0.683415271082
466	0.0114360134773
467	3.37893010905
468	3.49633504205
469	1.98074887113
470	5.54851739147
471	0.270372016543
472	1.48086965636
473	1.03221662926e-12
474	1.1107425736e-11
475	0.000811682863267
476	7.01356116945
477	7.34502256917e-09
478	6.42655601711e-06
479	9.46622682571
480	1.36882588764e-11
481	6.22481518004
482	0.428902529388
483	0.650974285024
484	0.0101948895967
485	1.41183892859
486	6.74551000269
487	5.35860307245
488	0.279645499158
489	1.26581410562
490	5.98985102398
491	1.54489118868
492	7.64852851354
493	1.45247299119e-29
494	11.0963630511
495	7.8447444893
496	4.81321270604
497	3.34995309874
498	1.84
499	1.00937817497
500	1.64961133889


input.uwmt9w10g1.gz

451	12.3580639713
452	3.9518757332
453	3.80032039151
454	14.1344770477
455	6.45439550865
456	0
457	0.0888258688287
458	1.42485887177
459	2.15527005014
460	0.221589070269
461	3.58149335634
462	1.97915530025
463	7.68386213306
464	3.95742232104
465	1.81418760647
466	0.00387011998418
467	3.58968151289
468	4.53091027343
469	8.85191057894
470	2.00000000003
471	1.69280000469
472	2.10149137756
473	9.55980063471e-05
474	0.522833503984
475	0.920415411526
476	6.29723018736
477	0.410202889902
478	8.51446258304
479	6.03790544857
480	0.0830606666277
481	5.00106127444
482	0.928405687739
483	3.34409485956
484	4.90323405261e-10
485	0.000998449563786
486	4.09017372675
487	4.31547096189
488	2.08832347102
489	2.97393961949
490	7.2755833161
491	2.55780802802
492	3.08857010968
493	0.99713189093
494	9.07587707275
495	9.02282240476
496	3.18568206107
497	0.518217530236
498	1.2017034468
499	0.846400000275
500	5.59927943091e-14


input.uwmt9w10g2.gz

451	11.6120228699
452	4.0008534272
453	8.29908150427
454	14.1584873087
455	3.71425568069
456	5.22357534019e-08
457	3.08600988492
458	0.565667418287
459	3.05850123965
460	2.05590600816
461	4.23144300134
462	2.99341034636
463	0
464	0.00698726531048
465	0.683292325572
466	0.0114360134773
467	3.43409880308
468	3.49630488308
469	1.97967391777
470	5.53675954703
471	0.270369352206
472	1.4805931547
473	4.87372810878e-13
474	5.24449727811e-12
475	0.000793776271009
476	6.88846706285
477	2.09773821912e-09
478	1.1085677428e-05
479	9.41780320999
480	1.25931981249e-11
481	6.22457172882
482	0.418423405492
483	0.650974874121
484	0.0101501622837
485	1.41183892859
486	6.64849320247
487	5.25507466782
488	0.278792571049
489	1.17151513162
490	5.98515245434
491	1.54489118868
492	7.70868905228
493	6.87410420739e-30
494	10.4605940429
495	7.86021861896
496	4.7972754232
497	2.92706180022
498	1.84
499	1.00937817497
500	1.64961133889


input.uwmt9w10g3.gz

451	12.4763519858
452	3.95129151829
453	3.80032038503
454	14.1299950375
455	6.35062597685
456	0
457	0.0658800835048
458	1.42171398286
459	2.15525995175
460	0.221589022948
461	3.58149335634
462	1.94874423591
463	7.34318214953
464	3.95742232104
465	1.81416874929
466	0.00387011998418
467	3.54240495405
468	4.53084333648
469	8.85191057894
470	2.00000000003
471	1.69280000397
472	2.07861379474
473	9.55980063471e-05
474	0.52251925378
475	0.920415411525
476	6.23308201943
477	0.377386658398
478	8.51440288055
479	6.03083239295
480	0.0829062666794
481	5.00105981571
482	0.919825277842
483	3.32119106724
484	3.77984045673e-10
485	0.022825129763
486	4.09017372675
487	4.31531371024
488	2.08529296728
489	2.97393961944
490	7.40802646412
491	2.55732538954
492	3.08858971697
493	0.996314409008
494	9.14254927413
495	9.02282240475
496	3.18478852589
497	0.990859586378
498	1.20170254863
499	0.846400000233
500	5.14946380822e-14


input.uwmt9w10g4.gz

451	11.4512790756
452	5.71173114329
453	4.091045656
454	11.2913274868
455	3.52332238338
456	1.22498155146e-14
457	0.89364884167
458	4.68240737959
459	2.29380172405
460	3.00883378419
461	3.8582674432
462	3.08819108787
463	0
464	0.147171902531
465	0.174264150686
466	2.0
467	3.93623854497
468	1.11764146436
469	6.83016192
470	5.18137729955
471	0.00494030275585
472	1.8229813745
473	0
474	2.21371020183e-22
475	4.77631853475
476	6.84532177025
477	0.000653469345725
478	1.34377481753
479	8.96812139344
480	4.35313146014e-10
481	6.00835929287
482	1.51402077531
483	0.210751399392
484	1.97724425877
485	2.7509489664
486	6.05958722349
487	3.64289527071
488	0.191152771269
489	1.5575048161
490	6.81413686446
491	1.84641249062
492	7.31481673797
493	2.40278358925e-17
494	7.4861194794
495	5.75607638125
496	4.33361732262
497	2.38988306847
498	2.43313506255
499	0.16163351104
500	1.77372223092


input.uwmt9w10g5.gz

451	11.4262825366
452	5.71171938074
453	4.02260159398
454	11.2077742271
455	3.52811210664
456	4.89548415183e-15
457	0.817697905247
458	4.67757356297
459	2.31148928967
460	3.01221248083
461	3.8009560064
462	3.14926621285
463	0
464	0.147171902531
465	0.174318318734
466	2.0
467	3.88618359738
468	1.11764140898
469	6.83016192
470	5.16202614561
471	0.00494030275585
472	1.81600382496
473	0
474	1.87368432568e-22
475	4.78123775684
476	6.67833352852
477	0.000508848737884
478	1.68243554897
479	8.89939995227
480	3.64624140663e-10
481	6.00697092124
482	1.51402077531
483	0.199752059616
484	1.97683370137
485	2.7509489664
486	6.05958722349
487	3.4829090731
488	0.191140276771
489	1.55746319198
490	6.857533463
491	1.84641249062
492	7.4103103031
493	1.50422437543e-18
494	5.49560242476
495	5.75607638094
496	4.27629722065
497	2.1939689901
498	2.37316281323
499	0.161338064936
500	1.77372223092


input.xvsmmain.gz

451	12.7824731497
452	5.01811376233
453	9.36875285076
454	10.988400144
455	3.1286249875
456	1.20501213421e-11
457	1.35572885996
458	0.155741719342
459	6.56654864466
460	1.60188694738
461	3.06479650599
462	2.07780747543
463	7.88235048788
464	1.44028871881e-25
465	0.0087030336417
466	0.445872705961
467	6.12184071012
468	0.281405623727
469	0.0048233863402
470	2.2479572132
471	1.69280000041
472	1.05517893891
473	0
474	0.0190252630656
475	2.5528192569
476	4.246288165
477	1.11580614908
478	1.19814849543
479	4.29568795631
480	0.405131142371
481	2.82057371172
482	1.46757027058
483	1.5100875019
484	2.24232212281
485	3.84
486	4.32741122862
487	5.92646827539
488	2.32810765835
489	2.73652617525
490	4.03380908991
491	2.79696124649
492	9.18185725805
493	2.46427434523
494	6.84215025956
495	1.36933394572
496	5.69732859598
497	1.9842319129
498	1.57186991047
499	1.47231902341
500	4.09182537657


input.xvsmman.gz

451	8.89351812137
452	8.91745940477
453	6.36993571042
454	9.33422750889
455	6.23085016279
456	0.943172953708
457	0.755737329639
458	9.64208640104e-07
459	7.27966354623
460	1.81293029522
461	3.06529098453
462	1.00073859528
463	8.3652425313
464	0.0819662035773
465	7.05902739892
466	2
467	2.6590815232
468	0.312242736714
469	6.52296192
470	1
471	1.85275074369
472	2.41283074519
473	0
474	1.84023164463
475	5.6736118329
476	4.23849117641
477	0
478	5.62951449009
479	3.91476265513
480	5.76011462608e-08
481	2.86942582364
482	0.792879232115
483	3.4209677948
484	1.92504238765
485	3.5328
486	3.5328
487	5.41929399113
488	2.38298408194
489	5.71280128546
490	7.10615936094
491	2.00269036407
492	9.7616705468
493	2.50129975628
494	9.31744199321
495	4.76179121158
496	4.27610078142
497	2.3704232379
498	1.29737322949
499	1.47226527416
500	3.08439322889


input.xvsmtdn.gz

451	12.4320678237
452	6.25608910226
453	9.39760268866
454	10.6158610356
455	3.5801730107
456	0.948518836896
457	1.69821517701
458	0.198713477485
459	7.21329396907
460	1.57476512751
461	3.06704768999
462	1.96888013082
463	7.89736577964
464	0
465	1.65821092299
466	2.04572456808
467	8.59134102496
468	0.30918585496
469	0.0134595407323
470	2.26095943494
471	1.6928
472	1.31803644627
473	0
474	0.00417642347144
475	2.0
476	4.24650031629
477	1.55737600114
478	1.16913054648
479	4.38992781339
480	0.837535969678
481	2.81022938326
482	1.46153755799
483	1.50520461351
484	2.00399283051
485	3.84
486	4.32741122862
487	5.85543196067
488	2.65004963409
489	2.64580116002
490	4.03325211658
491	2.79549938677
492	9.38863680628
493	3.21510904198
494	9.67292850028
495	0.140466803077
496	5.85903863559
497	2.09946237969
498	1.72163806957
499	1.4723064106
500	4.89360462682


input.xvsmtitle.gz

451	12.7800092851
452	5.26749162976
453	8.93316028976
454	9.02228755122
455	2.43938117247
456	2.21702896969e-06
457	1.35929120578
458	0.24819729898
459	6.49117897312
460	1.53802756832
461	3.06392305908
462	2.28866955412
463	0
464	0
465	0.00174104030601
466	0.799274755771
467	6.95889099463
468	0.287746782767
469	0.0048233863402
470	2.24215232953
471	1.55737604039
472	1.4651908239
473	0
474	1.62697152183e-30
475	1.02645749084
476	3.90014091778
477	8.91166798758e-08
478	0.0468669735658
479	4.2971206111
480	2.76644158269e-12
481	4.90366317906
482	1.46153755799
483	0.285452631527
484	2.31119283051
485	3.5328
486	4.87627047554
487	0
488	2.16080028382
489	1.95123961663
490	3.72238720615
491	0.0534085157699
492	9.3833903955
493	0.851474623254
494	6.74263234599
495	0.136167516851
496	5.36064191475
497	2.74328312593
498	1.27195279626
499	1.47222437017
500	4.21624665493


input.CWI0001.gz

451	0.0011495281705
452	3.8787187336
453	0.110502662522
454	2.82206758029
455	0.0968409777615
456	0.0130908251441
457	0.273208442547
458	3.03950970179e-15
459	0.99713032918
460	1.23333560202
461	0
462	0.664789338772
463	0.000308452104002
464	0.105262630471
465	0.00887924330985
466	0
467	2.11953538614
468	9.56306167847e-05
469	0.286499873002
470	0.142916518409
471	0.00568651671278
472	0.144278067559
473	0
474	0.644665131971
475	0.00197433618641
476	3.72801229302
477	0.117440022401
478	3.86812581218
479	1.83171852764
480	1.83961815671e-07
481	0.398393223143
482	0.0754091000032
483	0.0148577032362
484	0.472265530839
485	0
486	0
487	3.07078400338e-17
488	0.446241903874
489	4.23364875893e-08
490	2.10088769796
491	1.0
492	0.232002484254
493	0.00924054158819
494	6.03995984756
495	0.527554875493
496	2.24337081635e-06
497	6.97847723028e-20
498	0
499	9.31232644836e-24
500	0.0255759274373


input.iit00tde.gz

451	11.3286302178
452	3.78299903711
453	13.0157766542
454	18.9380529523
455	7.2477319303
456	0
457	1.09691501341
458	5.94102393258
459	8.866941685
460	0.473899434053
461	3.77047377093
462	2.50267590796
463	8.24739976492
464	2.14151021588
465	2.28806214518
466	1.84022007492
467	6.19463040449
468	2.17855920032
469	6.74654068491
470	1.71051599706
471	1.84000052715
472	1.77043154148
473	3.03255664791e-07
474	2.28351052748
475	4.08103857158
476	6.47115411319
477	2.5845604085e-05
478	9.2405579866
479	5.49382278839
480	1.48017385975
481	7.79094660066
482	1.24039405763
483	3.85366391027
484	2.50649573306
485	0.613286529805
486	6.04287192269
487	6.04318370137
488	2.88102643605
489	3.74469478297
490	6.6051653588
491	2.36099685356
492	11.9749629773
493	6.70187425449
494	14.5127560086
495	11.1850580052
496	1.53821923333
497	1.35695031253
498	3.62268240807
499	0.281656364181
500	2.81577089926


input.NEnmLsa.gz

451	11.478543688
452	9.18836735165
453	6.73474669284
454	9.5645370946
455	5.8653947458
456	1.96266227144
457	2.15873862421
458	2.36636203613
459	6.1892502006
460	5.77874629094
461	3.23133614445
462	3.62217895113
463	5.95905230264
464	0.291528987122
465	3.68070145318
466	1.7143893744
467	8.22637388807
468	0.206441023725
469	5.06757387058
470	2.4592700061
471	1.84630458827
472	3.51223701397
473	4.2297787101e-33
474	1.58965936839
475	3.04537094648
476	7.38103820806
477	0.249035772219
478	10.4642640679
479	7.36148631383
480	3.45204851987
481	5.89344047069
482	0.862436842394
483	3.34518781806
484	1.15834913062
485	3.250176
486	5.92824904909
487	6.21016181811
488	5.89751589745
489	6.45850488562
490	5.92567130018
491	4.07130586528
492	5.96087717936
493	4.06509549393
494	12.7594420262
495	2.5925216203
496	6.64764627157
497	2.77925128028
498	2.4999232616
499	1.49508097276
500	4.72460435326


input.PuShortWAuth.gz

451	1.69410418109
452	4.7307503382
453	8.7249712516
454	16.3774646223
455	3.37811249507
456	0.576487840969
457	3.96138557275
458	0.0474086020012
459	0.857650330594
460	4.38637821044
461	2.3625273332
462	1.23124118111
463	0
464	0
465	0.174728428433
466	1.84
467	3.18519266765
468	0.00278846765839
469	2.97494141864e-05
470	0.817131261972
471	0.15399001112
472	1.19921374484
473	0
474	4.84329724749e-08
475	0.0221259767616
476	3.04489896752
477	2.99363323643e-10
478	0.883176309571
479	2.74387595715
480	0
481	0.0016280311327
482	2.35906439034
483	1.58792307907
484	1.00000012212
485	3.76557010486e-11
486	5.28289666101
487	0
488	0.333314704213
489	0.600593400971
490	1.89188772584
491	0
492	2.82828928337
493	0.0181782442746
494	12.8560389009
495	0.846534181105
496	4.44737992699
497	2.35778063023
498	0.34719572566
499	1.37742632026e-16
500	3.71150343133


input.Scai9Web3.gz

451	1.66297408317
452	4.88042695759
453	6.52558395249
454	11.9682724103
455	7.66611419004e-05
456	0
457	0.892919758804
458	1.53099251314
459	2.3977093542
460	4.81315170647
461	0.641140151979
462	0.0387153210193
463	5.37673410873
464	0.286630606359
465	0.674279133164
466	1.55739004652
467	6.66445179378
468	0.0262097549747
469	0.0114991804668
470	5.14239944907
471	0.193681955523
472	2.55132411265
473	0
474	0.00489397054473
475	1.64310602248
476	6.86687322631
477	0
478	0.0523870025252
479	3.10890876408
480	6.42271508991e-07
481	0.0204012257652
482	0.17950279571
483	0.053372438637
484	2.69957445487
485	0.245092220664
486	1.34386528559
487	4.00179372366
488	0.089320346816
489	1.5005758204
490	0.163508784114
491	0.472161363287
492	3.21279646593
493	5.30097073806e-06
494	9.71712907431
495	1.85644217424
496	4.07182302592
497	3.6539741338
498	6.21301308404e-10
499	0.952756758673
500	1.87271557389


input.CWI0002.gz

451	1.81301426737
452	1.03566489344
453	0.000850524224756
454	1.15134394332e-06
455	0.513218873138
456	3.40378350383e-06
457	0.530183860111
458	1.75894994485e-09
459	0.210880863704
460	0.0678803163456
461	0.0968409777615
462	0.00238957832372
463	0.0754089133145
464	0.62388345071
465	1.00070719955
466	0
467	0.793285509137
468	0.445872705961
469	0
470	4.52258029923e-08
471	0.062892976652
472	0.0497778807827
473	0
474	0.298179334622
475	0.0578615385198
476	1.19463349037
477	0.127652198262
478	2.41553320966
479	3.37093815903
480	0.642090767077
481	1.21950356759
482	2.5081469942e-11
483	0.0110800744019
484	8.29994410613e-12
485	0
486	0
487	8.24812044216e-07
488	0.0199961852648
489	0.00270626055737
490	1.44642173459
491	2.0
492	0.0603480423334
493	1.00344804262
494	0.343277445573
495	0.629153554247
496	1.29254846054e-05
497	0.513220483925
498	0
499	0.000186271416253
500	0.846926468473


input.CWI0010.gz

451	0.552307499271
452	2.66235232335
453	1.77953923709
454	2.05729002023
455	2.02892082046
456	0.000550686539504
457	1.1648764982
458	0.000839236068033
459	1.07529213025
460	0.350169256457
461	0
462	0.00262754881205
463	0
464	0
465	3.99758950372e-09
466	0
467	0.463445624189
468	3.94169234134e-11
469	1.69429534352e-19
470	0.154131135745
471	6.21981749749e-08
472	1.18942109543e-05
473	0
474	2.70265483227e-05
475	0
476	3.40945618009
477	0
478	0.0132493131818
479	0.432776133854
480	6.65237014323e-06
481	0.326817883041
482	0.00102238771644
483	0.400183224237
484	0
485	0
486	0.428959239432
487	0
488	0.534901220214
489	0.0217825954992
490	2.93048372684
491	1.34722549115e-19
492	0.434520794655
493	0.105417842367
494	1.56980392296
495	0.0324008622993
496	0.499420542384
497	0.000428915577286
498	1.15088969577e-19
499	0.00126772830666
500	0.688611673377


input.dcu00ca.gz

451	9.08121790078
452	5.22667522517
453	9.61883094572
454	14.5984688921
455	2.72157760258
456	5.57996594966e-06
457	2.4725318703
458	1.99718205478
459	1.92481584471
460	3.63154550338
461	2.94643774628
462	3.38695626861
463	5.95542833268
464	1.58480515243e-07
465	11.3980706711
466	2.778688
467	3.73434681174
468	0
469	1.10566089948e-10
470	1.83262085239
471	0.308776435441
472	1.13875238942
473	0
474	0.265025495046
475	4.53516823487
476	3.74819283975
477	0.0240871182651
478	6.22100481849
479	10.7824096664
480	0.23877943066
481	1.47638262894
482	0.0766299811121
483	3.34762213696
484	4.12194034072
485	3.250176
486	5.5328
487	0.949827713452
488	3.09303041117
489	4.0909332468
490	5.14439142731
491	2.03650629662
492	5.33663866782
493	5.40682115983
494	8.53378793834
495	12.5928683798
496	4.77402638531
497	0.00553877584169
498	2.18690161625
499	1.43321887314
500	2.81147219145


input.dcu00la.gz

451	9.08121790078
452	4.8138531243
453	9.06921274929
454	14.5984688921
455	2.72157760258
456	5.57996594966e-06
457	1.84657922292
458	1.69041498956
459	1.92481584471
460	3.63154550338
461	2.94643774628
462	2.87846032323
463	5.95542833268
464	1.58480515243e-07
465	10.4935747731
466	2.778688
467	3.19312408831
468	0
469	1.10566089948e-10
470	1.68605395939
471	0.308776435441
472	0.917440389416
473	0
474	0.252248692342
475	4.53516823487
476	3.76008965565
477	0.0240871182651
478	6.22100481849
479	10.7824096664
480	0.23877943066
481	1.37319107279
482	0.0766299811121
483	3.00808970291
484	4.66131103575
485	2.99016192
486	5.5328
487	0.949827713452
488	2.99296246211
489	4.0909332468
490	5.14439142731
491	2.03650629662
492	5.13303162782
493	5.06864306379
494	8.53378793834
495	11.6470090785
496	4.61402638531
497	0.00553877584169
498	2.05147761625
499	1.35961887314
500	2.81147219145


input.dcu00lb.gz

451	7.07148834694
452	4.4300807421
453	7.19209511726
454	14.4007853713
455	2.30354328282
456	5.57996594966e-06
457	1.13256848488
458	1.43076734555
459	1.77085961299
460	3.63154550338
461	2.94643774628
462	2.24380550674
463	5.04067454078
464	1.58480515243e-07
465	8.88178443549
466	2.778688
467	3.62315175902
468	0
469	1.10566089948e-10
470	1.68605395939
471	0.308776435441
472	0.714399821954
473	0
474	0.224325801045
475	4.53516823487
476	3.62042844385
477	0.0203873368996
478	6.22100481849
479	10.7824096664
480	0.23877943066
481	1.26334506439
482	0.0766299811121
483	2.34236335458
484	4.13814683337
485	2.7509489664
486	5.5328
487	0.949827713452
488	2.53357843689
489	3.76365858706
490	4.35421290408
491	1.72558869497
492	4.90993607974
493	4.66315161869
494	7.85118705283
495	11.2466785617
496	4.21482410316
497	0.00509567377435
498	1.88743838014
499	1.15078141422
500	2.38904993359


input.dcu00lc.gz

451	7.68636043844
452	5.22667522517
453	8.23646723439
454	14.4007853713
455	2.72157760258
456	5.57996594966e-06
457	1.44083230248
458	1.69041490716
459	1.92481584471
460	3.31845259473
461	2.94643774628
462	2.04780661231
463	5.04067454078
464	1.58480515243e-07
465	9.65408886299
466	2.778688
467	3.46324586117
468	0
469	1.10566089948e-10
470	1.83262085239
471	0.308776435441
472	0.758482758161
473	0
474	0.243827737754
475	4.53516823487
476	3.4196081125
477	0.0134369170578
478	6.22100479877
479	10.7824096664
480	0.23877943066
481	1.3353040303
482	0.0777723868411
483	2.58185776015
484	4.12194034072
485	2.7509489664
486	5.5328
487	0.949827713452
488	2.84559630651
489	3.76365858706
490	4.73284011313
491	2.03650629662
492	5.33663866782
493	5.40682115983
494	7.85101207121
495	12.5928683798
496	4.77093028336
497	0.00509567377435
498	2.01194948695
499	1.35961887314
500	2.5961875949


input.Flab9atd2N.gz

451	11.7943495828
452	10.6690685051
453	8.26136245986
454	18.0616892233
455	5.06505935162
456	0
457	1.63433353771
458	1.37547518132
459	6.40114730806
460	2.01217684633e-25
461	3.618688
462	4.03226916883
463	5.39122525542
464	0.932846120337
465	7.36846928348
466	2.00000075883
467	7.33712355218
468	0.255311402697
469	0.0998674616548
470	1.40400325769
471	1.67191391191
472	4.51748032856
473	0
474	0.0154664758318
475	0.58637062329
476	3.14318843509
477	0.0955229070941
478	9.02891696911
479	4.73640267276
480	1.22972174143
481	5.57558388822
482	1.58396492454
483	6.6048020865
484	1.64512227429e-11
485	2.14213094875
486	6.61008600269
487	7.04680769344
488	1.85951854805
489	3.1103678707
490	5.63623811034
491	2.98410610808
492	11.0187784397
493	4.96820149702e-15
494	9.39383927279
495	9.67083688344
496	5.99930830296
497	0.219041483927
498	1.56180741205
499	1.25825307664
500	0.934339196295


input.Flab9atdN.gz

451	10.9787278904
452	10.5699376514
453	9.87352174472
454	18.6281681249
455	4.92007336026
456	3.51344193504e-18
457	2.13787391967
458	4.93108865012
459	6.98380113205
460	0.124364288847
461	3.27918592
462	4.33809222449
463	4.36010170278
464	0.86021335806
465	0.676905722749
466	2.0
467	7.32059299078
468	0.0919077679721
469	0.00700384979387
470	1.50168532738
471	1.62184219649
472	0.131500315278
473	0
474	0.096840983303
475	0.570176329781
476	2.94087983201
477	0.17926040432
478	9.41864262614
479	4.67905056664
480	0.8632390377
481	5.298624567
482	1.39754834403
483	6.22236151274
484	9.2578153237e-06
485	2.32840320516
486	6.61008600269
487	6.50629256043
488	2.22721842979
489	4.85420258632
490	6.90899855356
491	2.87923074442
492	11.1575820546
493	3.25278516792
494	7.10839435106
495	9.75127396397
496	6.01903111513
497	0.228096745835
498	1.61430701957
499	1.14293635298
500	1.16025245068


input.Flab9atdnN.gz

451	10.2602659745
452	10.2799391201
453	12.0421133242
454	16.7901742745
455	4.67655912581
456	1.05840417943e-32
457	1.47163838767
458	1.05434471583
459	8.2468368259
460	3.81594621166
461	3.471488
462	3.49732045955
463	5.10656425447
464	3.40245152298e-19
465	0.422483044138
466	2.0
467	7.05986742349
468	0.060447976237
469	0.0261854368746
470	1.69001448326
471	1.63290767534
472	0.0965322664278
473	0
474	3.42516977404e-11
475	0.324383344634
476	2.9031443709
477	0.163995414034
478	9.25606865627
479	4.71678109297
480	1.02542251698
481	5.19276572779
482	1.35136892352
483	5.66177143765
484	1.64220023022
485	1.97076047285
486	5.96665624887
487	5.98646689765
488	3.45746066428
489	5.08620864989
490	8.10122234553
491	3.26016434325
492	11.0770232418
493	7.70918586782
494	17.2576143692
495	10.4846701007
496	6.22059232463
497	0.208410869556
498	1.64177088013
499	1.14293635298
500	2.96632746486


input.Flab9atN.gz

451	12.1741259448
452	8.61140284298
453	0.0304929503916
454	10.9382874761
455	4.46968983226
456	3.31696789917e-12
457	2.28790185152
458	8.91488364491e-15
459	7.18895757383
460	0.00671997227719
461	3.27918592
462	3.6466082058
463	0
464	0
465	0.402926972265
466	2.0
467	7.40194756821
468	0.546001570205
469	0.0539510493433
470	1.01847814458
471	0.884841956605
472	0.748006608771
473	0
474	0
475	0.443368750613
476	2.63749759124
477	0.000642001418715
478	3.78560878481
479	3.90342005236
480	8.35209378725e-17
481	4.71376999301
482	1.21769414806
483	4.90077653893e-06
484	5.13018038476e-14
485	3.250176
486	6.61008600269
487	3.3136367743
488	1.22425893164
489	8.3488250114e-30
490	1.97368958368
491	0.0748916923196
492	11.2333771882
493	0
494	11.8704800169
495	9.40225360166
496	5.17189405762
497	2.11897730795
498	1.69283030491
499	1.20629740407
500	0.54009168907


input.hum9td4.gz

451	12.5281067158
452	7.77807810513
453	4.05859481407
454	14.2753297034
455	6.85673749995
456	1.1731787981e-21
457	3.64958944828
458	0.204778490886
459	5.33358021228
460	0.575821123702
461	3.54935587691
462	1.03838448677
463	11.2361607589
464	3.4486832967
465	1.95551889268
466	1.84
467	6.2874497473
468	0.308705345087
469	5.71385569569
470	6.10546879622
471	1.21341730319
472	3.35907947198
473	0
474	0.519781989764
475	3.92952530219
476	9.82747482139
477	0.039882109025
478	2.51532449946
479	6.15507841285
480	2.53834146307
481	5.81031470856
482	0.639616397842
483	1.86722505021
484	0.288031900364
485	3.5328
486	6.19449872657
487	6.12140104395
488	3.20602820906
489	3.4306803175
490	9.83789187508
491	3.94059891659
492	2.8366601929
493	0.0406326148935
494	12.5834435123
495	12.4683127046
496	4.55350053872
497	2.27118322191
498	2.71495378494
499	1.84640014319
500	0.0833023425816


input.hum9tde.gz

451	11.4019892027
452	7.32284732728
453	3.51341135709
454	13.8612393648
455	7.67474095503
456	0
457	0.877513378492
458	1.20149737761
459	1.64392225953
460	0.657596874673
461	3.97269740407
462	0.568682783891
463	9.97002770428
464	3.24250043064
465	0.778947984962
466	0.117440022401
467	6.07580560383
468	0.00103057664811
469	7.5789019356
470	6.37741701113
471	1.6928
472	3.381943483
473	0
474	1.0187053841e-08
475	4.54745027168
476	8.81114200787
477	0.0011013730795
478	3.97396527555
479	6.90007423424
480	1.89968929862
481	5.76261435672
482	0.132653557356
483	3.86785263392
484	0.0120920289954
485	3.84
486	5.55173882845
487	5.2327211298
488	3.08750647691
489	3.08650404002
490	9.49154809283
491	3.78739162249
492	0.805683452472
493	0.00186153482873
494	15.5855576976
495	11.7926588747
496	3.75890923885
497	2.74775701362
498	3.44291907609
499	1.69869140378
500	0.00344475894489


input.hum9tdn.gz

451	11.7840842334
452	8.93434658122
453	5.59037746188
454	11.2726861483
455	7.27239235019
456	0.136574576868
457	3.34272889581
458	4.1158958722
459	3.7447424567
460	1.23118271377
461	3.59179114386
462	0.621433918777
463	10.9167801172
464	2.00686706167
465	11.233978204
466	1.84442801188
467	7.88203636482
468	0.0258481321321
469	6.5835624719
470	5.11122574958
471	1.84000097449
472	3.17783870484
473	0
474	0.11443830937
475	5.66931973972
476	9.14503402953
477	0.108044820609
478	2.97217805625
479	7.12601750013
480	2.52785825919
481	6.33352166234
482	1.31392465684
483	2.8527854084
484	1.74488115307
485	2.7509489664
486	6.04945075577
487	5.67486382022
488	2.82684728833
489	2.53207614995
490	9.64477077457
491	4.31156850369
492	4.06177456649
493	2.05911109952
494	13.4851622658
495	11.6224893551
496	5.24486532944
497	1.94504561768
498	2.74069343276
499	1.8464
500	3.04865899271


input.hum9te.gz

451	11.9922968626
452	1.6483629904
453	5.71745511664
454	15.9917342063
455	7.62064561691
456	2.3457528228e-15
457	0.900926013453
458	6.22114414848e-05
459	2.28371851978
460	5.70471831172
461	3.81790144474
462	1.01647182779
463	5.32869536716
464	0.00940348206957
465	0.168386472015
466	1.21336062478
467	6.9423396428
468	0.00112342504888
469	7.60737979246
470	4.41586808416
471	0.000191196012695
472	0.390776240143
473	0
474	5.43618378456e-07
475	4.84946834431
476	7.35080764925
477	1.36920091011e-17
478	0.00547141851862
479	7.44379567128
480	0.475760977597
481	5.32637999087
482	0.132653557356
483	0.311196737848
484	2.93285048358
485	3.250176
486	6.4083390464
487	4.19373781272
488	2.91088097887
489	0.606790422158
490	8.80591054673
491	0.0177164079895
492	6.47970198541
493	0
494	15.2971009067
495	13.7387891732
496	4.91634838611
497	3.13900206773
498	3.31018002591
499	1.76640115134
500	0.0693636597633


input.iit00m.gz

451	12.1320197727
452	13.7953220679
453	7.41554683365
454	12.677543013
455	11.4264255856
456	2.11244400411
457	10.0236690159
458	5.08442485953
459	10.4476964921
460	2.42836429838
461	2.9347798443
462	4.05187944699
463	10.7338361986
464	6.405084748
465	10.8186942253
466	2.92
467	10.4297136535
468	10.7332307095
469	6.68296192
470	7.40497792166
471	0.000362966176056
472	2.33277595896
473	0.557846601236
474	3.33261413205
475	3.2757092874
476	11.7460871803
477	1.31273515035
478	14.0830243521
479	12.7093606878
480	4.97010007814
481	7.65554966432
482	0.00195137065665
483	7.62105888412
484	5.36214216643
485	0
486	7.090176
487	2.92883222273
488	2.65450865805
489	6.06783557366
490	8.64803233723
491	10.222350672
492	11.5398361058
493	6.32386042315
494	17.9015518877
495	11.3078758659
496	3.36595093133
497	1.48727001155
498	4.252065601
499	1.28629740407
500	1.7995731577


input.iit00t.gz

451	11.7327048603
452	0.85049694007
453	15.0236443197
454	17.8632748499
455	7.13522248255
456	0
457	2.89030426572
458	0.0304148671332
459	7.50746058879
460	3.33056394124
461	3.47528166845
462	2.6917299228
463	0
464	0.803186109304
465	0.135227635312
466	1.6928
467	4.99010871717
468	0.85347943176
469	6.26813279635
470	2.63941416017
471	1.02643774628
472	0.00496474143678
473	1.72446433823e-09
474	0.0650965420922
475	3.42579056971
476	5.00244099977
477	3.77238980632e-14
478	0.00750096766719
479	5.05525343464
480	3.24814076403e-07
481	7.81135928789
482	0.855740938876
483	3.54791625978
484	1.4723948169
485	0
486	5.99123224887
487	0
488	2.11791943107
489	1.45550777581
490	5.19579407319
491	0.0554513999086
492	12.1583461124
493	1.44066729736e-31
494	14.4000762708
495	12.04412005
496	0.601770948796
497	1.05944035612
498	2.5385595026
499	0.218430045097
500	3.18018633865


input.iit00td.gz

451	11.1865719081
452	3.5741442829
453	12.1089154166
454	18.9374062242
455	7.19013284593
456	2.68285088128e-29
457	1.28093554209
458	6.00035447393
459	8.63444195756
460	0.451985685605
461	3.77844355913
462	2.31219187954
463	8.21583421465
464	3.21734015192
465	1.83500499619
466	2.00098716482
467	6.22922870136
468	2.61844871741
469	6.33299849134
470	1.8744739587
471	1.84000010149
472	1.26392124892
473	7.34855564448e-08
474	2.95490267033
475	4.07133342706
476	6.78236675332
477	1.3264451809e-05
478	9.27049482742
479	5.48576169756
480	1.84618809974
481	8.30155531975
482	1.34080463073
483	3.78149288638
484	3.58562887246
485	0.404205820222
486	6.04287192269
487	6.04318370137
488	3.83215213452
489	3.84731865348
490	6.61687051061
491	2.35513398334
492	12.2408869796
493	6.28245585768
494	14.9970661159
495	10.8844131576
496	1.53821923333
497	1.3015817676
498	3.67540892992
499	0.311698317513
500	2.89380061139


