input.acsys9mw0.gz

451	8.57989496013
452	5.48324112794
453	5.22638880039
454	8.77075740925
455	2.62686779219
456	1.30643875745
457	3.61454481352
458	1.9368138126
459	4.81956379014
460	1.70976786132
461	2.65814724414
462	3.24476009268
463	7.14423312367
464	2.295
465	8.20737470836
466	2.614125
467	6.03988751556
468	7.56607191165
469	5.56066334339
470	3.70485719196
471	1.41076578108
472	0.54034252131
473	0.120905493566
474	1.80253801801
475	2.68340074752
476	6.02655576235
477	0.00796660840146
478	5.77038408155
479	6.64744980246
480	0.216983686035
481	5.44182451708
482	1.40676737032e-05
483	2.91151173644
484	2.13575320035
485	3.145
486	4.49564451757
487	4.93340686465
488	0.180851592604
489	3.15630379097
490	2.31581402053
491	3.32168127675
492	7.70884690432
493	4.460031971
494	3.84208861178
495	0.743047835635
496	3.69245343461
497	0.39694520405
498	1.43508279471
499	0
500	1.00098543902


input.apl9all.gz

451	7.81692277969
452	5.73770053846
453	7.92115443408
454	9.17795374019
455	3.59396249438
456	0.00812256058609
457	1.38662838105
458	0.373470687138
459	5.1293224744
460	0.232372492073
461	1.61521041265
462	2.30466726093
463	5.16311948507
464	0.614642635806
465	3.23168018718
466	1.44500974414
467	4.62884861521
468	0.191316562123
469	6.37519353511
470	0.0435091594622
471	2.00187896073
472	3.18830751811
473	0
474	0.00287805836015
475	1.71623166146
476	1.46811052618
477	0.0343956261997
478	3.67951384515
479	4.37004390518
480	0.533369318907
481	1.75131879041
482	0.529486130601
483	2.68680730209
484	1.00480665752
485	2.67325
486	5.42754903125
487	4.15112030987
488	0.201140915923
489	1.26100888913
490	3.09429094977
491	2.7304666084
492	7.84431521567
493	4.08582159673
494	7.7438612394
495	2.6088949674
496	4.42419614239
497	1.19676200085
498	1.57965027574
499	0.667771409806
500	0.485143483475


input.apl9lt.gz

451	2.04761448439
452	1.5135733805
453	0.676475878866
454	0.36045542378
455	2.82035007496
456	2.39370186223e-26
457	2.60273435923
458	0.00470220791914
459	1.09879466955
460	2.45671553366
461	1.75636675714
462	0.980994778965
463	7.08965343048e-36
464	3.12375308327e-06
465	0.142325897621
466	6.07912734973e-05
467	1.66966385386
468	0.0658932111481
469	3.83092214419
470	0.000239526547513
471	0.107315158195
472	3.19486441476
473	4.87716759968e-58
474	6.3646401104e-38
475	0.773849432401
476	0.139578281715
477	5.92433426507e-10
478	0.000189630749419
479	3.28126718483
480	3.7060339571e-42
481	0.449861906244
482	0.00937248048588
483	2.67144308374
484	4.59846937907e-38
485	2.67325
486	1.04731443004
487	0.684569883358
488	0.0740874685779
489	0.28655489754
490	0.395178417159
491	8.35246694752e-42
492	6.73075397168
493	7.76300453083e-08
494	2.03004857423
495	2.27206071755e-30
496	0.116278219924
497	1.95787436829
498	0.887410625
499	0.123783430851
500	0.0700220440628


input.apl9ltdn.gz

451	4.86026041296
452	3.26217329319
453	7.34513626856
454	4.52852933037
455	3.32784544947
456	1.7115555941
457	1.17676625718
458	0.0129578896165
459	4.70345287042
460	1.61369151791
461	1.34805500919
462	6.20795042578e-06
463	1.62041540595
464	0.0202327644518
465	2.19952691349
466	0.000116456983987
467	2.10396626085
468	0.00133315846324
469	5.71010702422
470	0.00309303050548
471	1.22825
472	3.58562055951
473	0
474	1.76989209106e-09
475	1.85322860425
476	0.259990457949
477	0.00156842128365
478	4.80828117031
479	4.1276175964
480	0.00940420857992
481	0.895304728568
482	0.149420348658
483	2.50772051845
484	1.7496890056
485	0.526294501404
486	2.36139914453
487	1.79245732147
488	0.17619854021
489	2.41435449559
490	1.55143193934
491	3.36842440894
492	7.00023246866
493	3.75510782869
494	0.403004466219
495	1.59317392844
496	2.79230736714
497	1.0467071349
498	1.99182528382
499	0.287108663413
500	2.34430101651


input.apl9t.gz

451	5.15375203623
452	1.90179914871
453	1.28170274394
454	1.08038502601
455	2.83031415406
456	2.27360858421e-30
457	0.730568007603
458	0.018636583242
459	1.95697702678
460	3.79371162849e-07
461	1.37781609467
462	0.947941987873
463	2.15494530347e-40
464	1.58668133013e-05
465	0.0541492110507
466	0.000189630749419
467	3.74350633803
468	0.00426960808606
469	2.92321337333
470	0.00398331403906
471	0.284509350579
472	2.78458725256
473	2.10570412828e-57
474	4.86351554779e-46
475	1.84171532166
476	0.369396241845
477	5.8168300821e-08
478	8.88655247939e-07
479	3.83983885186
480	7.08965343048e-36
481	1.23697792987
482	0.0110264496976
483	2.70103221726
484	4.654472302e-43
485	2.67325
486	4.8479584382
487	0.740602926576
488	0.0776208388545
489	0.147416682408
490	0.724495020254
491	1.47415850656e-38
492	6.81883236996
493	9.90030750297e-05
494	2.79889968248
495	2.45758558887e-31
496	0.699600496323
497	2.61809975272
498	1.445
499	0.746303197027
500	0.261964586952


input.apl9td.gz

451	7.39741424723
452	5.71913690298
453	7.98900500805
454	8.60246672647
455	3.28832880186
456	0
457	1.38334263529
458	0.354935556288
459	4.44049044801
460	0.0139626399679
461	1.61504760076
462	4.18076941733
463	5.07810471378
464	0.272925787389
465	1.92519897049
466	0.0912039831739
467	4.28678256416
468	0.351294611775
469	6.37325001414
470	0.0452022410089
471	2.00047786696
472	3.24312636253
473	0
474	0.00176741792798
475	1.955947054
476	1.44984756463
477	0.00937250851534
478	4.08811810167
479	4.31914307296
480	0.757869880392
481	1.83006029251
482	0.62704058402
483	2.73361159754
484	0.0686302779151
485	3.7
486	5.68254903125
487	3.73258986956
488	0.16677336771
489	0.895705513624
490	2.51952497101
491	2.42259898844
492	7.61814453925
493	2.56121147757
494	4.62181871744
495	3.00579566572
496	3.59153115513
497	1.75373600678
498	1.23061257724
499	0.637928197027
500	0.26204485564


input.apl9tdn.gz

451	6.62433808036
452	4.52904114755
453	8.69900408785
454	9.07134773466
455	3.83979558627
456	2.14094644328
457	0.893491873442
458	0.0164001218416
459	5.65059471631
460	0.874945903247
461	1.10031609467
462	2.97889400678e-06
463	2.27858538912
464	0.0536470274933
465	4.82231725839
466	0.000502799928312
467	4.43630377268
468	5.17375596246e-05
469	5.66006087414
470	0.00154460494997
471	2.0
472	3.22592104394
473	0
474	3.39055728011e-09
475	3.33844682332
476	0.815962046106
477	0.0658912029244
478	4.95691666144
479	4.33210220647
480	0.113128381784
481	0.931100247971
482	0.356197546942
483	2.62019078217
484	1.23995149262
485	1.18613522664
486	4.83016667656
487	2.99915752447
488	0.254359877505
489	1.48318849047
490	3.75095431364
491	3.12093505137
492	7.29646873335
493	4.80142720905
494	3.68995059478
495	2.51762685824
496	5.19863385694
497	0.202709826873
498	2.18544441641
499	0.970905493566
500	0.90684292503


input.att0010gb.gz

451	8.25512066315
452	4.84839971351
453	5.12506899833
454	4.10087739963
455	2.31232105831
456	3.4893515892e-16
457	3.04713069935
458	0.0866646185603
459	6.22541411367
460	0.935685540872
461	3.4225
462	2.75867771833
463	0
464	0
465	4.39990345721e-05
466	1.70000072351
467	1.69814330339
468	0.207662322147
469	1.98448351427
470	0.511186332038
471	0.00421655617468
472	1.0178666788
473	0
474	1.14636996769e-05
475	1.10087434325
476	2.80829824316
477	0
478	0.0101243546676
479	1.76012942068
480	1.84200124758e-64
481	3.7318144072
482	0.0714306453171
483	0.0528549065263
484	1.64775072308
485	1.39545320781
486	5.60823389257
487	0
488	0.985419481895
489	0.1072929407
490	2.30732502631
491	1.68912976079e-07
492	5.81009860853
493	5.00522902436e-53
494	5.49804797879
495	2.8474389798
496	3.33973993185
497	2.63152648956
498	1.7
499	0.497351722306
500	0.641262864783


input.att0010gbe.gz

451	8.03650189581
452	7.87327211037
453	7.57142540048
454	6.81960010307
455	3.44082074136
456	0.397382320575
457	0.00901596580226
458	0.017409838237
459	7.18748062164
460	2.79561353836
461	3.059125
462	2.17992079687
463	0
464	0
465	0.00447122124566
466	0.000516286633814
467	3.61525316909
468	1.65199956246e-10
469	1.29904853815e-08
470	0.255988234218
471	0.126226846601
472	1.03354292591
473	0
474	1.28233652177e-21
475	3.04182457127
476	2.28789491103
477	6.07912734973e-05
478	0.0125076413156
479	1.17446842155
480	2.39034918911e-20
481	5.15114965361
482	0.0308073578615
483	2.66637475355e-24
484	6.51284067578e-27
485	1.64170965625
486	3.68274235876
487	0
488	3.29857933053
489	0.0543192842738
490	0.981087272136
491	0
492	6.15855633942
493	3.93639835803e-30
494	9.33890501279
495	1.78247404434
496	4.78978312209
497	2.47174424599
498	1.445
499	0.994990525039
500	1.17416833187


input.att0010gbl.gz

451	8.12362032681
452	4.70486013909
453	2.59433365872
454	4.10103184071
455	2.82232535615
456	0.00207930969819
457	2.88477128354
458	0.0866646185603
459	5.65890720089
460	0.698091798694
461	3.42588580857
462	3.02427100155
463	0
464	0
465	1.7221930353e-08
466	0.754300661867
467	1.69814330339
468	1.61403690269
469	1.72948351427
470	0.511186332038
471	0.0540600475259
472	1.00221924155
473	0
474	4.44950832155e-13
475	1.10087434325
476	2.8701754016
477	0
478	0.476745316337
479	2.84531878769
480	5.24205725376e-19
481	4.56970812306
482	0.154029632598
483	0.0115391956893
484	0.876772438393
485	1.931423125
486	6.032410625
487	0
488	0.561059787814
489	0.397732112904
490	3.04496839216
491	0.322299172168
492	6.05393490721
493	0
494	5.06077416344
495	2.13542626254
496	3.33973993185
497	2.63152648956
498	1.7
499	0.954116946283
500	0.796091383924


input.att0010gbt.gz

451	6.23462932291
452	3.76923216611
453	4.97659066759
454	3.03154600659
455	2.45281467687
456	3.58599509699e-17
457	4.68233462313
458	0.0680872298182
459	5.92107112898
460	0.0944725387666
461	2.95075
462	3.01814134741
463	0
464	0
465	0.000666579227507
466	1.70000000013
467	1.69814330339
468	0.0764538092217
469	1.98448351427
470	0.38805810782
471	0.88741062729
472	1.00000828253
473	0
474	2.80430374157e-08
475	1.10087434325
476	2.66254526249
477	0
478	0.924576792777
479	0.77956810471
480	1.56570106044e-64
481	1.85793581598
482	0.491022639398
483	0.0536540476312
484	1.55058811167
485	1.64170965625
486	5.49831153125
487	0
488	1.57130756835
489	0.801955784408
490	0.258973004387
491	1.68712721881e-07
492	5.40570293389
493	1.88771970213e-53
494	6.00507013203
495	1.22994391949
496	3.83297475532
497	1.0112640838
498	0.0343956197044
499	0.919374404341
500	0.362088444078


input.att0010glf.gz

451	6.75282306183
452	3.87626542745
453	3.53513127921
454	3.43759429652
455	3.01182322467
456	0.00757155831054
457	2.89975128815
458	0.242588502798
459	5.62226177381
460	0.197451239553
461	3.07833059307
462	2.7286266221
463	0
464	0
465	2.58362912602e-05
466	0.754300417274
467	1.69814330339
468	0.708127579642
469	1.72948351427
470	0.339968347712
471	1.70000263202
472	0.446282815473
473	0
474	5.68182643582e-16
475	1.10087434325
476	2.33183331426
477	0
478	1.33658295794
479	1.79455792713
480	6.33793519566e-20
481	2.75960103082
482	0.501671700018
483	0.16738097231
484	0.738602354891
485	1.39545320781
486	6.1890125
487	0
488	1.37049887393
489	0.128530682151
490	1.6125400807
491	0.259067417622
492	5.91110087454
493	0
494	4.66483382994
495	0.935217211935
496	3.82505490001
497	0.854695367465
498	0.544981050078
499	1.0578303125
500	0.485422985814


input.att0010glv.gz

451	7.82285903306
452	4.95349521542
453	3.53513127921
454	3.80153968293
455	2.75766654126
456	2.19608475531e-05
457	3.14435489589
458	0.242588502798
459	5.93332364251
460	0.197451239553
461	3.29500828252
462	3.02434492664
463	0
464	0
465	2.58362912602e-05
466	1.70000117812
467	1.69814330339
468	0.610540720184
469	1.98448351427
470	0.339968347712
471	0.641185881555
472	1.00094466671
473	0
474	1.42441255935e-07
475	1.10087434325
476	2.43904230866
477	0
478	1.33658295794
479	1.77105788987
480	8.10461584447e-29
481	3.54651784788
482	0.10560373032
483	0.143151365377
484	1.57298481187
485	1.64170965625
486	5.89929903125
487	0
488	1.00286315967
489	0.128530682151
490	2.30753357509
491	0.0372149947714
492	5.36479214172
493	0
494	4.66483382994
495	2.16686807074
496	3.82505490001
497	0.854695367465
498	0.887410625
499	0.820854828125
500	0.466118552079


input.CWI0000.gz

451	0.16734324369
452	3.63290831985
453	0.686033415417
454	3.22018095405
455	0.85
456	2.88601575188e-15
457	0.535458072815
458	8.88655391366e-07
459	1.29741222047
460	0.721708868979
461	0
462	3.13071254963e-06
463	0
464	0
465	0.0540871119852
466	0
467	0.231617062837
468	1.30269501113e-20
469	1.58889659477e-11
470	0.32114387762
471	7.46685218909e-26
472	0.025080153464
473	0
474	1.15903377678e-07
475	0
476	2.34453544048
477	0
478	1.00000138604
479	2.79057310619
480	4.82440884091e-10
481	0.129186003737
482	1.98095301487e-05
483	0.000182524344616
484	0
485	0
486	0
487	0
488	0.0967389537137
489	0.525011049657
490	0.90847497742
491	1.22825
492	0.896008818987
493	1.48710467652e-07
494	0.777603314701
495	0.00325633035743
496	0.522990202791
497	0.0873542191013
498	0
499	0
500	0.641824198576


input.isnnwt.gz

451	3.7
452	7.87514916433e-22
453	1.45746414366
454	2.614125
455	0
456	0.16734324369
457	1
458	0.156416079336
459	0
460	0.0203871084762
461	1.22825
462	1.52200625
463	0
464	0
465	0.00468624024857
466	0
467	0.00551322380724
468	0
469	0
470	0
471	0.75429903125
472	1
473	0
474	0
475	0
476	0
477	0
478	0.722612448988
479	0
480	0
481	1.445
482	0
483	0
484	0
485	8.12551359384e-05
486	1.08898551863
487	0
488	3.24418653346e-08
489	0.320577088281
490	0
491	2
492	2.73262752513
493	0
494	4.21709526738
495	0
496	3.76557708828
497	0.00092260075509
498	0
499	1
500	1.00000007725


input.iswt.gz

451	0.00489249338454
452	0.0202327174732
453	2.67043268131
454	6.21286823335
455	1.50683134542
456	0.0329456014218
457	0.853441869396
458	0.247299474733
459	0
460	0.063522786157
461	6.24749908768e-06
462	2.45755330216
463	0
464	0
465	9.49516717075e-11
466	0
467	0.226021236411
468	0
469	0
470	0
471	0.75429903125
472	0.0631134233007
473	0
474	4.74605175629e-57
475	2
476	1.5798365625
477	0
478	0.529551737074
479	0
480	4.8499017104e-34
481	1.96700625
482	9.26488137987e-22
483	1.70000002028
484	1.00985913878e-42
485	2.83925394806e-26
486	1.7
487	0
488	1.70869858848e-07
489	1.09982240793
490	9.36934753817e-70
491	2
492	4.79964957023
493	0
494	3.73674569938
495	1.94000329955e-54
496	2.1437053125
497	0.00150961426716
498	3.57595726455e-05
499	1
500	1.21075067847e-07


input.iswtd.gz

451	0.0560075224171
452	2.9904195014
453	1.28730756302
454	5.97994690084
455	1.50683134542
456	0.0280037612086
457	2.22892390679
458	1.01837482288
459	0
460	0.017228205489
461	2.22825
462	1.7803303125
463	0
464	0
465	1.67578011449e-07
466	0
467	1.14097621733
468	0
469	0
470	0
471	0.75429903125
472	4.57915817886e-20
473	0
474	5.89881538701e-59
475	2
476	1.13613125
477	0
478	0.377149737454
479	4.46041663563e-61
480	2.53167900472e-34
481	1.96700625
482	0
483	1.0
484	0.85
485	2.48020811463e-27
486	1.84850217247
487	2.62256970156
488	3.85097617798e-07
489	1.04763066691
490	2.9144693817e-57
491	2
492	3.25021475989
493	1.38303986603
494	4.54032233588
495	7.26561856545e-25
496	4.4225
497	0
498	1.8719118531e-17
499	1
500	0.722500005709


input.iswtdn.gz

451	2.21152842472e-35
452	0.522187886474
453	0.905205552573
454	2.00763075959
455	1.50683134542
456	0.0329456014218
457	0
458	0.0151831599631
459	0
460	0.0146485340111
461	1.04046543495
462	8.18876970134e-31
463	0
464	0
465	1.87019108945e-11
466	0
467	6.1022009758e-12
468	0
469	0
470	2.47729897445e-57
471	0.75429903125
472	6.33793519566e-20
473	8.11598283795e-35
474	9.32145512286e-46
475	2
476	1.23890091953
477	0.00677161714124
478	0.44370567373
479	1.9965312595e-61
480	8.37591260346e-54
481	1.96700625
482	0
483	3.92825
484	0.85
485	1.931423125
486	1.445
487	3.62985425822
488	0.014504727365
489	1.04820887837
490	0
491	2
492	2
493	2.08856194652
494	0
495	0
496	3.26456014062
497	1.85
498	0
499	1
500	0.854649942322


input.jscbt9wcl1.gz

451	8.3449740956
452	3.74926899315
453	2.85490825839
454	7.74515001891
455	2.81808044722
456	0.646675112884
457	0.891816467978
458	2.85884955998
459	2.19752719461
460	0.275093769245
461	2.80131659219
462	0.323086798199
463	2.51349063561
464	2.63866016712
465	8.17982040903
466	1.5081134233
467	2.89614994713
468	1.17526692838
469	6.68922592573
470	2.81036601244
471	2.0
472	1.35296846007
473	7.43552258559e-08
474	0.175452840078
475	1.12908742132
476	4.91066467044
477	0.000591529327426
478	5.60129451157
479	5.50580220233
480	2.7398591104
481	4.95307888494
482	0.722807314381
483	1.95405939751
484	1.19775971837
485	2.67325
486	5.89929903125
487	2.13862816855
488	2.03099354723
489	2.18431168259
490	5.55907537219
491	2.81912783226
492	7.72184746717
493	0.552278398749
494	7.96688049734
495	1.64406032918
496	5.92437757067
497	0.0545115535057
498	3.22025071961
499	0.850481603362
500	1.7967791759


input.jscbt9wcs1.gz

451	9.16728352922
452	2.27307673679
453	0.0240028628009
454	9.70085269352
455	5.28071260215
456	3.55804359617e-05
457	1.09260979718
458	1.66141116419e-10
459	4.30052088545
460	0.0312546711952
461	2.76989830857
462	3.20454284227
463	0
464	0
465	8.09622400805e-11
466	1.22825828252
467	2.23789472416
468	0.0604928798992
469	5.5606606363
470	2.05546120407
471	0.641154176562
472	8.28253287102e-06
473	4.13398821562e-46
474	0.0631134233007
475	0.690894596501
476	1.84776157515
477	3.36096690773e-19
478	2.71280167525e-29
479	5.32224134005
480	0.122308638736
481	5.81444669791
482	0.121577303635
483	0.198074723419
484	4.05637404151e-05
485	3.7
486	5.89929903125
487	1.30556343464e-07
488	0.044535695812
489	0.456529852243
490	5.4048735729
491	0.00287793735891
492	7.57236733509
493	0.00300460249978
494	10.5961401311
495	4.40656247668
496	3.42956471585
497	0.580876330325
498	2.45943842026
499	0.853385808571
500	0.217309131755


input.jscbt9wll1.gz

451	8.92339047021
452	3.7790239617
453	3.0061414673
454	7.74390872724
455	2.92676256308
456	0.647732077426
457	0.888370373716
458	2.8411720214
459	2.19751546554
460	0.269914676504
461	2.61778945606
462	0.323067113495
463	2.28345857916
464	2.64177248765
465	8.17983059592
466	1.7631134233
467	2.90468729345
468	1.07547072458
469	6.72162677939
470	2.7551906673
471	2.0
472	1.22967100208
473	8.51192153292e-07
474	0.194186635313
475	4.10451761906
476	5.05822849727
477	9.89884364014e-05
478	0.000957391228815
479	5.35515614166
480	2.76938586804
481	5.1439238958
482	0.850268652515
483	1.95405617524
484	1.34608364322
485	2.67325
486	5.89929903125
487	2.06815264539
488	3.530811278
489	2.15035660047
490	5.77477626153
491	2.7282156091
492	7.59863248678
493	1.72919886371
494	7.80842382399
495	1.50875295588
496	5.52704494165
497	0.446196092511
498	3.22025071961
499	0.850922600756
500	1.09219541556


input.jscbt9wll2.gz

451	8.50818135057
452	7.29565838364
453	2.86391833609
454	9.56200215714
455	2.80189964753
456	1.03370277393
457	0.905115488458
458	0.872607065359
459	2.89121049696
460	0.287386095887
461	2.61729671064
462	0.511519537968
463	2.98595016095
464	2.87844606769
465	6.17115976127
466	1.7873542191
467	3.65562517498
468	1.0225097378
469	6.27987171006
470	3.50443213368
471	2.0
472	1.62270098688
473	9.49483564284e-11
474	0.0385653696064
475	5.51582128552
476	5.12843881993
477	5.16725833251e-05
478	4.49602809536
479	5.0694210221
480	2.33930476084
481	4.91017733234
482	0.728041855843
483	1.37614139865
484	1.41084822024
485	2.67325
486	6.032410625
487	4.33270402126
488	1.70835380496
489	2.93652486378
490	6.06433140715
491	2.96733889425
492	7.20104062521
493	1.44798027617
494	7.79736419008
495	2.34574174562
496	5.4306865856
497	0.493211775384
498	3.12308811167
499	0.851767413236
500	2.03335122381


input.jscbt9wls1.gz

451	9.0220943567
452	2.30512954768
453	0.0172026162153
454	10.042537027
455	5.33739290476
456	3.55804359617e-05
457	1.17163156408
458	2.61981166907e-41
459	4.3005209461
460	0.045892715277
461	2.48442979084
462	3.30910885103
463	0
464	0
465	1.41752669225e-11
466	1.22825828252
467	2.37280941266
468	0.080853777071
469	5.56066063698
470	2.30143453049
471	0.641154176562
472	0.794946889308
473	1.73673654463e-44
474	0.0455994483347
475	1.13033836349
476	1.60252830758
477	1.04841145365e-18
478	7.19953839447e-29
479	4.90347092897
480	0.143892516159
481	5.86412179936
482	0.121579163887
483	0.202379647748
484	4.00788666121e-05
485	3.7
486	5.89929903125
487	1.1107019459e-07
488	0.287547192087
489	0.460200032124
490	5.55709254754
491	0.0046862404331
492	7.40075272299
493	0.00353482647033
494	10.2617269344
495	4.63979448787
496	3.51182478823
497	0.723401992289
498	2.43810215669
499	0.854686240236
500	0.217973369755


input.jscbt9wls2.gz

451	8.9927222091
452	2.30737992107
453	6.3864960027
454	3.09412881541
455	5.27795759173
456	1.12090613569
457	1.2438452473
458	7.44882319189e-05
459	0.122519081272
460	0.023587919292
461	2.33577639548
462	2.45425452558
463	0
464	0
465	9.16836112255e-10
466	1.70000598412
467	2.60989989111
468	0.332914585268
469	5.56066088861
470	2.59453191865
471	1.0440125
472	0.855353970541
473	0
474	6.51347505566e-21
475	1.5572129323e-07
476	1.87969289043
477	9.09016178062e-21
478	0.015261896894
479	5.23499665482
480	3.77678480374e-07
481	5.43493056929
482	0.381930491405
483	0.091199217959
484	0.00135386607967
485	3.7
486	5.89929903125
487	0.113192723234
488	0.125629276008
489	0.436522857339
490	5.89153949476
491	0.00127695680752
492	3.99626620175
493	0
494	2.29494273864
495	4.07625860894
496	5.47854020177
497	0.0160968002573
498	2.31332511935
499	0.852079309689
500	0.0501067145203


input.Mer9Wt0.gz

451	2.00000191837
452	0.960606216358
453	6.24792044064
454	4.52465160241
455	0
456	0
457	0.0544626728033
458	1.7511917424
459	0.873288158435
460	1.48080745886
461	3.07825
462	0
463	0
464	0
465	4.3235287898e-06
466	2.52200625
467	4.70532326925
468	2.00000172118
469	1.70000146618
470	1.97258988846
471	2.09099945683e-27
472	0
473	0
474	0
475	0.377149515625
476	1.98327434468
477	0
478	0.00344139097074
479	0.543344192568
480	0
481	1.42441255935e-07
482	0
483	0.0343976490172
484	0.864741757136
485	3.7
486	3.73439562768
487	3.25268385614
488	0.0289263619637
489	0.33832878878
490	3.20321092527
491	0.0390246509767
492	0
493	0
494	3.7465380454
495	0.522327851622
496	3.94162553265
497	2.09964951563
498	0
499	0
500	0.614125


input.Mer9Wt1.gz

451	0.00287793728503
452	0.244053779359
453	3.89621334212
454	2.31327059457
455	0
456	0
457	0.0490148617777
458	1.99861971873
459	0.337831489791
460	0
461	0
462	0
463	0
464	0
465	0
466	0
467	0.924286845809
468	1.04437577944
469	0
470	0
471	9.52148796617e-23
472	0
473	0
474	0
475	8.05931199878e-05
476	3.33132280985
477	0
478	2.03353816196
479	0.4437053125
480	3.24191755188e-49
481	0
482	0
483	0.205539339062
484	0
485	0
486	0
487	1.8500010014
488	0.0171991958765
489	1.52200625
490	0.0388710785842
491	0.196874404341
492	0
493	0
494	6.99549350413
495	1.02023271747
496	1.02913807413e-07
497	0
498	0
499	0
500	0.320577088281


input.Mer9WtdMr.gz

451	0.52200625
452	2.07473806602
453	3.35429148521
454	1.46540267958
455	0
456	0
457	0.0554938437122
458	2.3470940446
459	0.217237308838
460	0
461	0
462	0
463	2.79114575618
464	0
465	0.00468624023615
466	0
467	0.593222004323
468	1.22894857204
469	2.65608128659e-12
470	0
471	9.49483564284e-11
472	0
473	0
474	0.00127695606293
475	1.16777989791
476	3.46412500109
477	0
478	2.78700590953
479	0.4437053125
480	4.36615505068e-48
481	0
482	0
483	1.7
484	0
485	0
486	0
487	2.04687440434
488	0.0455994871486
489	1.85
490	0.937354219101
491	2.445
492	8.19874002762e-10
493	0
494	1.73291892582
495	1.44370532972
496	2.52813321374e-28
497	0
498	0
499	0
500	0.4437053125


input.Mer9Wtnd.gz

451	3.67499946334e-06
452	0.870232717474
453	3.62001392989
454	1.57667001921
455	0
456	0
457	0.0841560187903
458	3.11668120687
459	0.262865767009
460	0
461	0
462	0
463	3.22719524188
464	2.48425283608e-69
465	1
466	0
467	0.389575206116
468	1.22833794307
469	0
470	0
471	1.46386408e-08
472	0
473	0
474	0.00468624023615
475	1.54223896747
476	3.46412500048
477	0
478	3.44169875819
479	0.4437053125
480	7.06980824072e-24
481	0
482	0
483	0.641154176562
484	0
485	0
486	0
487	2.17057708828
488	0.991274515625
489	0.764282400781
490	0.785613423301
491	2.445
492	3.17334247111e-05
493	0
494	2.6659240035
495	0.028067076205
496	0
497	0
498	0
499	0
500	0.7225


input.NEnm.gz

451	8.18442856561
452	6.10569347497
453	5.26835509735
454	5.37020379762
455	4.36893233759
456	1.52615149721
457	0.612219251668
458	1.31719740365
459	3.27137084967
460	3.50679518156
461	3.29500432353
462	1.75660804037
463	2.88165813795
464	0.0873542191013
465	3.01792613965
466	1.70066657905
467	5.89211987609
468	0.0216256336869
469	4.27579732663
470	1.96772188301
471	2.00004398846
472	1.08852072622
473	1.79235883115e-63
474	1.17624209006
475	2.07380862208
476	4.57235871648
477	0.0404656668882
478	6.50256510983
479	4.89359727168
480	2.40407780216
481	3.66439256575
482	0.654363907987
483	2.30129243037
484	1.06232155895
485	3.7
486	5.376423125
487	5.38483858369
488	4.69686997094
489	4.27146026486
490	5.34792440879
491	3.60580133256
492	4.97676409662
493	3.03058492139
494	8.64683465184
495	1.26564339885
496	4.94817398215
497	2.12260847349
498	1.686719806
499	1.336625
500	2.66377598967


input.NEnmLpas.gz

451	8.04529843166
452	6.08508879854
453	5.17445311514
454	5.30745546735
455	4.26042472971
456	1.5518930237
457	0.562016277074
458	1.3171976914
459	3.27137084967
460	3.56830944912
461	3.29500432353
462	1.90092594021
463	2.37635281054
464	0.0873542191013
465	2.84107121909
466	1.70066657905
467	5.88883255545
468	0.0216256336869
469	4.27579732663
470	1.96772188301
471	2.00004398846
472	1.08852072622
473	1.79235883115e-63
474	1.17624209055
475	2.02702709869
476	4.55417069868
477	0.0560077543589
478	6.49879590903
479	4.89359727168
480	2.40407780216
481	3.66439256575
482	0.558190781503
483	2.29547850131
484	1.06232155895
485	3.7
486	5.24331153125
487	5.32026501173
488	4.67474911053
489	4.2714641403
490	5.29329176159
491	3.60580133256
492	4.97676409662
493	3.03058492139
494	8.64683505011
495	1.26564336928
496	4.94817398215
497	2.17069503673
498	1.6530119967
499	1.336625
500	2.66640308592


input.NENRtm.gz

451	9.19599658907
452	4.33037008444
453	1.23069696679
454	10.8337171412
455	3.91638830572
456	2.3228667955e-13
457	0.0214089700835
458	0.00535994355003
459	1.74339039442
460	0.00560808053696
461	2.60430731377
462	1.73258258176
463	0
464	2.26007443548e-12
465	0.0171980104456
466	0.887446384573
467	5.76485657156
468	0.00332233706793
469	0.185769530645
470	1.61679738711
471	0.0477609061326
472	1.04443362253
473	0
474	1.44781097933
475	1.19138880432
476	2.69340038702
477	0.00137573996925
478	0.00112584297088
479	2.11613890325
480	0.00855336799135
481	3.45259876441
482	0.26226886084
483	2.88975505908
484	3.28943056552
485	3.7
486	5.42754903125
487	2.09781522178
488	3.57842501717
489	9.14548950429e-14
490	1.49557089908
491	1.48375953108
492	2.92832418318
493	2.59816262224e-29
494	3.72048166415
495	0.000505022054693
496	2.8175350343
497	2.25348368824
498	1.45365043263
499	0.88984324369
500	0.0826017494438


input.NENRtmLpas.gz

451	9.21079130476
452	4.33056162785
453	1.23069696679
454	10.8147832227
455	3.86150076768
456	2.3228667955e-13
457	0.0214089694853
458	0.00535994355003
459	1.74339039442
460	0.00560808053696
461	2.60430731377
462	1.73258258176
463	0
464	2.26007443548e-12
465	0.0171980104456
466	0.887446384573
467	5.79602863395
468	0.00332233706793
469	0.185769530645
470	1.59169590056
471	0.0406199470244
472	1.0619475975
473	0
474	1.44781097933
475	1.17156561491
476	2.65664867302
477	0.00137573996925
478	0.00112584297088
479	2.11613890325
480	0.00855336799135
481	3.45259876441
482	0.26226886084
483	2.7310805122
484	3.28943056552
485	3.7
486	5.42754903125
487	1.89926798924
488	3.57842501717
489	9.14548950429e-14
490	1.49557089908
491	1.48375953108
492	2.81485392428
493	3.05666041325e-29
494	3.67782650908
495	0.000505022054693
496	2.81333447012
497	2.25348368824
498	1.45365043263
499	0.864741757136
500	0.0826017494438


input.NEtm.gz

451	9.18414429712
452	4.48319348407
453	1.22179499473
454	11.1771772999
455	3.98815547796
456	1.34902552221e-05
457	0.0358882135704
458	0.00959214736584
459	1.80021751259
460	0.0398493916963
461	2.73741082215
462	1.77656879896
463	0
464	8.52385978618e-13
465	0.0146182759365
466	1.44503575957
467	5.7390169653
468	0.00341995442236
469	0.127006904448
470	1.64587764902
471	0.0660029822851
472	1.14180285259
473	0
474	1.49113243894
475	0.870664077074
476	3.16713404463
477	0.00462023912338
478	0.00133207403422
479	1.87177585634
480	0.00298948479616
481	3.28257728307
482	0.502777831544
483	2.99884411706
484	3.33635877261
485	3.7
486	5.42754903125
487	2.10319713725
488	3.49688971638
489	1.20018410277e-17
490	1.46271536426
491	1.48375953108
492	3.08963782809
493	2.5981541506e-29
494	3.62944576605
495	7.44441056595e-05
496	2.77007543991
497	2.26170407816
498	1.44851403498
499	1.01734324369
500	0.097470809474


input.NRKlm.gz

451	7.08948637127
452	5.77860303297
453	5.88539026802
454	3.15388997946
455	3.51770877931
456	2.03842251352
457	2.11877607339
458	0.911832249699
459	5.33332036077
460	0.966041375315
461	2.8887053125
462	0.223146621498
463	5.00921624561
464	0.00763075959479
465	5.57678597621
466	2.37714951562
467	6.67908422722
468	0.500162801155
469	6.20038159564
470	1.17014173057
471	2.17702075855
472	1.41140059074
473	0
474	0.209785227972
475	3.70401274429
476	1.92605730879
477	0.205539339062
478	3.25818934389
479	1.80358092485
480	1.00519827202
481	2.00408178951
482	0.421773891798
483	1.39233346738
484	0.888188245765
485	3.7
486	5.31440417656
487	5.57714357613
488	0.351345039331
489	1.94589598197
490	3.29492407749
491	2.32801521421
492	6.82617686539
493	5.7122217612
494	6.39973811757
495	0.0661843871136
496	5.30304304836
497	0.0802270916423
498	0.572283271597
499	0.659724448335
500	1.19252062879


input.NRKprf20.gz

451	7.2546587877
452	6.53767504351
453	4.7233803928
454	2.89431514273
455	3.33788808641
456	4.02950615304
457	1.80185977138
458	3.62972257374
459	6.62347412686
460	0.998947699444
461	2.7000050865
462	0.154618046857
463	5.42638574915
464	5.10793645392e-24
465	5.17652267689
466	2.1437053125
467	6.70851648901
468	0.00630303920991
469	6.20038159564
470	1.01659354474
471	2.00180317281
472	2.60832739729
473	0
474	0.445369651946
475	4.71252745371
476	2.46456984821
477	0.0152615191896
478	5.42223400552
479	2.35262949725
480	0.378681174986
481	1.50789664199
482	0.206274722367
483	1.16747310856
484	0.175259073756
485	3.145
486	4.99928008133
487	5.37507211092
488	1.39114857683
489	2.01551682249
490	4.4077390931
491	2.49338243669
492	6.74343291999
493	5.41782901952
494	8.1465227009
495	0.727334906942
496	4.08524247901
497	1.02427337735
498	1.15178560275
499	0.675322258783
500	1.38083555414


input.NRKse10.gz

451	7.16153024073
452	2.69202386416
453	6.22312382918
454	5.96427750969
455	3.55152561401
456	1.83719365711
457	1.11632424021
458	1.30569453569
459	3.87427828781
460	0.558053369968
461	2.6719553125
462	0.154492761382
463	5.86230556851
464	1.13288869596e-08
465	7.12044403857
466	2.1437053125
467	6.58422276022
468	0.112038176996
469	6.18968546547
470	0.233708579925
471	2.09240594089
472	1.16215527712
473	0
474	0.00899342862453
475	0.490125583139
476	1.76630842649
477	0.00489249338454
478	2.60823835916
479	2.52867984367
480	1.32992924151
481	2.04150332677
482	1.19951032
483	1.69190226598
484	0.0460812426642
485	3.7
486	5.42754903125
487	5.52717366708
488	0.294858611739
489	2.08748919912
490	2.85118393705
491	2.48958595207
492	7.09752980657
493	4.89104171698
494	4.96863633005
495	1.22904782152
496	4.96822530611
497	0.0587075211111
498	0.150917509638
499	0.809854219101
500	0.541438243651


input.NRKse20.gz

451	7.28851341557
452	0.937733339601
453	5.86953358873
454	3.60736420339
455	3.35560133195
456	1.80809249391
457	0.0700287360172
458	1.04072501877
459	2.02038436554
460	0.0168056270291
461	2.54882708828
462	0.588115815686
463	5.7883034186
464	0.48808472847
465	7.06066024673
466	2.1437053125
467	6.58420179939
468	0.0364786197444
469	5.56066062678
470	0.233708579925
471	2.22487816555
472	2.23881160498
473	0
474	0.0307324552082
475	1.23400286784
476	1.77951190632
477	0.000963206720823
478	0.000465705060732
479	2.49484165898
480	2.00878868467
481	1.97178223656
482	1.88741225961
483	1.84263003583
484	8.45233047698e-07
485	4.35904632136e-06
486	5.42754903125
487	5.61011094657
488	0.0253057395254
489	2.46676096356
490	0.0560075224529
491	2.45107071187
492	6.98522495656
493	4.64029932606
494	4.04197898017
495	1.24056699983
496	4.96822530607
497	0.0587908727861
498	0.00575813348993
499	0.701479219101
500	0.296927447486


input.pir0Watd.gz

451	3.44320513785
452	3.05332697409
453	4.28977103075
454	9.58127272374
455	6.13038643983
456	9.24043652759e-10
457	1.69530574965
458	1.85497241422
459	0.650507283963
460	0.197286505114
461	1.01021387939
462	0.323203179795
463	5.71306640307
464	3.48672282701
465	8.51899790583
466	1.44525139996
467	1.16710945161
468	0.000177547889386
469	6.40691653723
470	2.57438954483
471	2.0
472	2.29266212324
473	1.78483840754e-45
474	1.0591264234e-14
475	1.5099927922
476	2.59474836888
477	0.00353482647033
478	3.57239999939
479	3.92122006201
480	2.58150918464
481	4.05841202486
482	0.576175065688
483	1.76221393529
484	1.94045785018
485	0.526294501404
486	3.20727951905
487	3.33223737987
488	0.880906340697
489	0.765034321162
490	6.28742184519
491	3.81457179143
492	5.96559680895
493	4.03003085046
494	5.78591790863
495	3.67017865392
496	2.38799548472
497	1.00109113326
498	1.6915824293
499	0.441482581847
500	0.993557700505


input.pir0Wt1.gz

451	6.5590546598
452	4.00298238965
453	4.69181007232
454	4.71188917708
455	3.90331467535
456	0
457	0.955038837926
458	4.12272190513e-34
459	1.76554288902
460	0.247210745195
461	0.878982576753
462	3.34994906383
463	0
464	0
465	0.0416017429655
466	1.44608541265
467	1.21005754453
468	3.03075580655e-05
469	6.18907077758
470	2.02058340943
471	1.0440125
472	0.642347365255
473	0
474	0
475	0
476	0.75207401024
477	8.91149733139e-19
478	0.00217082707599
479	3.36654766788
480	0.470748868493
481	3.78884267376
482	0.0832289737071
483	3.22091502641
484	3.25211027913
485	3.7
486	2.75794798594
487	0
488	0.202292773878
489	0.322511613378
490	6.34953934141
491	0.546118256115
492	8.18538647565
493	1.58889659493e-11
494	3.74562239338
495	3.54531095606
496	1.78264148827
497	0.523819798055
498	1.43888117613
499	0.825269678521
500	0.892552327671


input.pir0Wtd2.gz

451	2.44459943514
452	7.38057632744
453	4.2190150655
454	9.85729048098
455	6.07896088655
456	1.30452208424e-26
457	0.591704675486
458	1.63109100694
459	2.86344635989
460	0.00283815345322
461	1.01021387939
462	0.221202357647
463	5.03897297987
464	3.81015919115
465	0.85
466	0.64117613741
467	1.76505192576
468	2.98363493759e-08
469	6.42265177953
470	2.13720446585
471	2.0
472	3.39853625408e-05
473	6.95684232032e-71
474	4.40450650229e-07
475	1.66408998244
476	2.61761774309
477	0.00184520151018
478	4.87189427739
479	3.86563064453
480	2.80411694656
481	4.13496169502
482	1.23282232189
483	1.755466575
484	1.98521093026
485	0.380247777264
486	3.23719218717
487	2.8709312954
488	0.324639429212
489	0.53843300719
490	5.71879410392
491	4.04601331993
492	7.12398450999
493	4.11309054863
494	4.95127763152
495	6.09033400786
496	1.57476179456
497	1.00043921721
498	3.6281265638
499	0.394828174517
500	0.531856516324


input.pir0WTTD.gz

451	1.1209100158
452	5.7787837002
453	5.37320508009
454	6.1287594017
455	3.04259427274
456	1.05135437699e-30
457	1.02033236126
458	0.0267784506999
459	0.919885469949
460	0.0303262796943
461	0.972183252736
462	1.53589586252
463	1.69180002511
464	2.83277183483
465	0.320579993558
466	1.15990115004
467	0.825298661775
468	3.78127319214e-07
469	4.18843668054
470	0.394039399402
471	0.107292819611
472	2.33075783026
473	1.44451698061e-67
474	0.000415346979229
475	0.0889027295147
476	0.223926567754
477	0.00255391212482
478	3.1669356062
479	2.45342585376
480	1.4304904944
481	2.13283548158
482	0.00102110465527
483	2.3048500118
484	0.0346443029215
485	0.274729019073
486	0.349800330201
487	1.81625571096
488	0.848619264853
489	2.07773587435
490	3.17092654842
491	0.501814984188
492	5.27033560589
493	3.33448633841
494	3.73948124984
495	4.0099123632
496	0.207152550728
497	0.235117219272
498	0.0776523857828
499	0.00338585423402
500	0.685586847632


input.PuLongAuth.gz

451	5.37999856511
452	3.01881569369
453	5.14994233824
454	8.45443770796
455	3.77406390581
456	0
457	0.948051462571
458	6.29301727084e-31
459	0.284409448784
460	2.64596392811
461	1.75460843485
462	1.48153649982
463	2.97869684399
464	0.00338580857062
465	0.743923846118
466	1.7
467	0.451141359544
468	1.11258187022e-06
469	1.35056210556e-11
470	0.522006250001
471	0.00489757988899
472	0.615369180906
473	0
474	1.38602426752e-06
475	0.000107229373445
476	2.18649171124
477	0.0912008150421
478	0.911103628857
479	2.42901800148
480	6.8889234678e-29
481	8.05985895129e-05
482	1.44364852494
483	0.964033180405
484	0.00763075959479
485	3.06453351612e-05
486	2.81941437538
487	4.9129698037
488	0.148369117866
489	0.557187729281
490	1.55357094391
491	0.00677161714124
492	2.62390839364
493	1.20270961095e-08
494	8.39811846313
495	4.53651808344
496	1.96700625
497	1.53934993802
498	0.0152615191896
499	3.05665194007e-29
500	2.54860712656


input.PuLongBase.gz

451	5.38116110102
452	3.01913740257
453	5.26473473266
454	8.50897740837
455	3.57238659702
456	0
457	0.871512355134
458	1.53480348568e-30
459	0.332077059762
460	2.66783952318
461	1.75764334247
462	1.58327529495
463	3.46517543215
464	0.00468624023615
465	0.743923846152
466	1.7
467	0.956670788338
468	1.91430337493e-06
469	1.5044082774e-09
470	0.850000000003
471	0.0110347301375
472	0.615380709182
473	0
474	1.38602426752e-06
475	0.000135766455939
476	2.29814300761
477	0.107295474798
478	0.8561734637
479	2.43407111567
480	7.88619432315e-28
481	0.000181656863406
482	1.56529843559
483	1.68027442297
484	0.00551322380724
485	1.15578733122e-05
486	3.31695808869
487	4.84051846233
488	0.397382233098
489	0.712131767668
490	1.55639521843
491	0.00796660840146
492	2.8032649032
493	8.34223374333e-11
494	8.62641365923
495	4.78811682827
496	1.96700625
497	1.13157841099
498	0.0248508352364
499	1.82657624692e-28
500	2.46185582591


input.PuLongWAuth.gz

451	5.38117021971
452	3.01913740257
453	5.12680061997
454	8.45584358988
455	3.57123525279
456	0
457	0.915141678163
458	1.53480348568e-30
459	0.332077059762
460	2.59372794924
461	1.75460843485
462	1.58354320834
463	3.46406414513
464	0.00398330420073
465	0.743923846152
466	1.7
467	0.917525586804
468	1.72980747571e-06
469	1.5044082774e-09
470	0.522006250003
471	0.00797489092447
472	0.615378329175
473	0
474	1.38602426752e-06
475	0.000117781494403
476	2.18743131244
477	0.0912015518566
478	0.855212190012
479	2.42714100897
480	7.88619432315e-28
481	0.00015441139229
482	1.53576727494
483	1.42811966133
484	0.00551322380724
485	2.6048534887e-05
486	3.31740877906
487	4.84051846233
488	0.270376477368
489	0.605312002518
490	1.55666604596
491	0.00796660840146
492	2.80281421282
493	8.34223374333e-11
494	8.39405598017
495	4.781946686
496	1.96700625
497	1.08349184775
498	0.0248508352364
499	1.82657624692e-28
500	2.460318615


input.PuShortAuth.gz

451	0.41221120695
452	4.30445950865
453	5.52904773322
454	10.5500664098
455	2.57657649371
456	0.0570929350702
457	2.21703986084
458	0.000413689267113
459	0.19165674118
460	2.57405676423
461	1.75460843485
462	0.913113424753
463	0
464	0
465	0.008221090725
466	1.7
467	0.709562030512
468	1.30891984732e-06
469	1.35056210556e-11
470	0.614935046933
471	0.00114464807712
472	0.129883556502
473	0
474	5.24205725376e-19
475	0.000148414359909
476	2.24241708478
477	1.97703935413e-19
478	0.625170267568
479	1.39195531065
480	0
481	1.38602426752e-06
482	1.41854703839
483	0.743155067167
484	1.00000000011
485	1.60419607637e-17
486	3.34879979627
487	0
488	0.0229870226078
489	0.182610747002
490	1.11684497263
491	0
492	2.46523274151
493	0.000149097636295
494	7.87596331514
495	0.7225
496	3.20851472392
497	1.89915576578
498	0.0476063940546
499	2.0375001328e-32
500	2.43722227781


input.PuShortBase.gz

451	0.863252261661
452	4.30604351583
453	5.86319430129
454	10.4796008824
455	2.48761635239
456	0.153188412708
457	2.69297236788
458	0.00900441158169
459	0.253447878578
460	2.56985219273
461	1.75764334247
462	0.864618145754
463	0
464	0
465	0.0467271417059
466	1.7
467	1.49467880922
468	1.87079892609e-06
469	1.5044082774e-09
470	1.0025147508
471	0.0152750058951
472	0.918949153565
473	0
474	5.52869961209e-15
475	0.000187912052785
476	2.37412767622
477	2.73638664932e-19
478	0.199890115325
479	1.72797400445
480	0
481	4.3235287804e-06
482	1.53576727494
483	1.03284658337
484	1.0
485	1.29287084275e-21
486	4.54549792792
487	0
488	0.041922965695
489	0.246886747996
490	1.14536154016
491	0
492	2.46523275661
493	0.000547200502174
494	8.76843579149
495	0.722500010565
496	3.85897491787
497	1.90783031291
498	0.0658912028437
499	1.2175574513e-31
500	2.40761587111


input.ric9dpn.gz

451	7.73424890178
452	6.65275590413
453	5.22874375995
454	10.5265252499
455	4.361270378
456	5.2035972761e-35
457	1.73267345974
458	0.669427947251
459	4.24410752366
460	0.751680379662
461	3.10205319703
462	1.53699636874
463	7.31356065817
464	0.848859818276
465	2.09463179902
466	1.70000191837
467	3.89243018364
468	0.16492080645
469	6.18901367812
470	3.10466569163
471	2.0055132278
472	1.95678073648
473	9.25190526472e-16
474	0.00452981609543
475	1.26869314338
476	4.50274281406
477	3.26123583071e-06
478	4.32345808125
479	4.69570355856
480	1.14603405397
481	4.3500881752
482	0.919423825512
483	4.09482063498
484	1.51364762763
485	3.7
486	6.1890125
487	4.04720270265
488	1.01080803549
489	2.90554887222
490	5.92646978915
491	2.94181098713
492	5.89428249529
493	2.95905200891
494	7.3023911529
495	5.72802525194
496	3.97081992416
497	0.296805131444
498	2.64007832621
499	1.00092260284
500	0.746701564881


input.ric9dpx.gz

451	7.52828658585
452	7.09217871999
453	4.29131434669
454	10.1502747162
455	4.66306065058
456	0
457	0.503327982118
458	0.0250814941083
459	1.22510362392
460	0.0933931924546
461	2.67275563837
462	1.44619050157
463	2.84282517098
464	0.826697490709
465	0.614130606732
466	0.75429903125
467	2.02748932366
468	0.0131291379933
469	4.9842581374
470	3.00662730316
471	2.0
472	3.563862579
473	0
474	6.43762621896e-07
475	2.24265173213
476	3.23658824718
477	1.16620319637e-10
478	6.06418109236
479	5.10973428145
480	1.31035111744
481	5.1085616998
482	0.257524738472
483	4.32458480365
484	0.572124533651
485	1.00821494264
486	4.49564451757
487	3.21077949629
488	0.615617770716
489	2.9247991268
490	6.97330503898
491	3.35813814218
492	6.14606929613
493	1.73631275482
494	9.43770198536
495	6.37295619473
496	3.11156010731
497	1.02612923529
498	1.74932754354
499	0.626550456432
500	0.585397690116


input.ric9dpxL.gz

451	7.52828658585
452	7.09217871999
453	2.74613683428
454	10.1502747162
455	4.66306065058
456	0
457	0.503327982118
458	0.0250814941083
459	1.22510362392
460	0.0933931924546
461	2.67275563837
462	1.44619050157
463	2.84282517098
464	0.826697490709
465	0.614130606732
466	0.75429903125
467	2.02748932366
468	0.0131291379933
469	4.9842581374
470	3.00662730316
471	2.0
472	3.563862579
473	0
474	6.43762621896e-07
475	2.24265173213
476	3.23658824718
477	1.16620319637e-10
478	6.06418109236
479	5.10973428145
480	1.31035111744
481	5.1085616998
482	0.257524738472
483	4.32458480365
484	0.572124533651
485	1.00821494264
486	4.49564451757
487	3.21077949629
488	0.615617770716
489	2.9247991268
490	6.97330503898
491	3.35813814218
492	6.14606929613
493	1.73631275482
494	9.43770198536
495	6.37295619473
496	3.11156010731
497	1.02612923529
498	1.74932754354
499	0.626550456432
500	0.585397690116


input.ric9dsx.gz

451	7.7233730776
452	7.30031767387
453	4.89057776375
454	10.2029897985
455	5.53587893665
456	0
457	0.250144926197
458	0.0409581511605
459	1.45182739721
460	0.205436526461
461	2.74209686524
462	1.84212427689
463	1.70070304922
464	0.768719690297
465	0.620181929215
466	0.463239876689
467	2.8905760186
468	0.00223946524828
469	0.19552583475
470	2.93077393052
471	2.00000000011
472	2.98673937951
473	0
474	4.91235899051e-06
475	2.75454537239
476	3.97567737326
477	2.69734110069e-05
478	6.98694241635
479	5.04838111043
480	0.961409639495
481	5.07975782016
482	0.762872739947
483	5.06369805793
484	1.43966384659
485	1.39545320781
486	4.91341667656
487	3.57780434403
488	1.44397483487
489	3.01060945804
490	6.4819958957
491	2.6705084225
492	5.23827303717
493	2.4215013509e-07
494	10.0082444796
495	7.49244345238
496	3.44377799634
497	1.02575350316
498	1.84153163059
499	1.16620532014
500	0.752884025854


input.ric9tpx.gz

451	7.938137732
452	5.31903203817
453	8.07848488197
454	10.5493495745
455	5.34087249307
456	4.88270955692e-09
457	0.498797824846
458	0.0245892397742
459	0.360353070485
460	3.21136909063
461	2.84076358624
462	1.94343329534
463	1.85038105294e-15
464	0
465	0.038785803475
466	0.887410625
467	3.45772047258
468	0.00937530731385
469	3.68217510019
470	1.78582860172
471	0.334686487379
472	2.38600193067
473	0
474	0
475	1.56191126128
476	2.30758548732
477	2.50339361498e-32
478	6.2671871138e-14
479	3.20623583997
480	3.39055727983e-09
481	5.30922576612
482	0.741994540602
483	2.28969204186e-22
484	1.11580551415e-05
485	2.67325
486	4.94331153125
487	0
488	0.428305050783
489	0.332137023465
490	7.02664561863
491	0.0069879269616
492	8.2055229067
493	7.82833334789e-44
494	10.2139646256
495	8.75166303712
496	2.73880858783
497	2.07420808588
498	0.962836112162
499	0.0369821268403
500	0.806016753025


input.rmitNFGweb.gz

451	5.42442562368
452	0.67698057535
453	2.72274707652
454	0.48367430223
455	0.000161186137006
456	0
457	3.57595726455e-05
458	0.231616946283
459	1.06554908737
460	0
461	2.60539951562
462	1.24794096514e-20
463	3.33047084956
464	0
465	4.94942181978e-05
466	2.0
467	5.50951973167
468	0.0079666827567
469	0.0152620709498
470	0
471	2.38811201082e-08
472	4.32959267343e-12
473	0
474	0
475	0.788010447143
476	0.585119673301
477	0.334754991487
478	2.80523450604e-06
479	1.07685474516
480	3.83009104019e-67
481	0.00338580866975
482	2.03464647339e-26
483	0.463938030155
484	0.850000000062
485	0.0173390888738
486	3.58551146024
487	1.06919869374
488	0.173152243202
489	8.75617141449e-06
490	1.00140253479e-06
491	2.28876347544e-66
492	1.24952726547e-26
493	0.0246811262801
494	3.08949311237
495	0
496	2.84750370026
497	1.2350058786
498	6.42053416636e-07
499	0.0631134233007
500	0.00200823840881


input.rmitNFLweb.gz

451	5.37086874256
452	0.728689919511
453	2.72274707652
454	1.98461111356
455	0.000262464705078
456	0
457	3.57595726455e-05
458	0.231616946283
459	8.88735956495e-07
460	0
461	2.60539951562
462	1.97705118498e-19
463	3.33047084956
464	0
465	4.94942181978e-05
466	2.0
467	5.69314541876
468	0.00796668275671
469	0.0292406249461
470	0
471	9.02318811634e-09
472	1.3879682129e-12
473	0
474	0
475	0.788680772895
476	0.585119673301
477	0.334798034879
478	2.80523450604e-06
479	1.07653996461
480	3.16783872034e-66
481	0.00338580866975
482	2.45999936098e-27
483	0.542238967628
484	0.850000000117
485	0.0203989280868
486	3.57861535346
487	1.06919869374
488	0.173115022983
489	8.75617141449e-06
490	5.52096181588e-09
491	8.39942407214e-66
492	5.69777539848e-28
493	0.0246811262801
494	3.08949311237
495	0
496	2.84750370026
497	1.2350058786
498	5.4574540414e-07
499	0.0105616049756
500	0.00107604955435


input.rmitWFGweb.gz

451	2.16734327035
452	6.41207520556e-11
453	0.395003641579
454	0.00670885035596
455	0
456	0
457	0
458	3.80334453311e-37
459	9.02792246157e-27
460	0
461	0.887410625
462	0
463	0.824100195212
464	0
465	3.89228445319e-20
466	0
467	0.191146440717
468	0
469	4.78069837821e-20
470	0
471	1.02913807413e-07
472	4.46825610222e-31
473	0
474	6.01927816576e-30
475	0.0551959550855
476	0
477	0
478	4.33109919172e-12
479	2.08222610134e-09
480	0
481	3.78208187013e-13
482	0
483	3.13692842184e-24
484	4.47452298013e-37
485	0
486	0.0129863716003
487	3.67499946334e-06
488	5.52095628713e-09
489	9.77149686766e-18
490	1.04841145075e-18
491	0
492	1.47829651912e-50
493	0.00551322557714
494	0.817465565376
495	0.000251399964156
496	0.055413829536
497	0.00428007026697
498	0
499	5.08650444753e-06
500	5.18964303085e-17


input.rmitWFLweb.gz

451	2.69424198726
452	0.416288196227
453	0.878357446643
454	1.79795681021
455	0
456	0
457	3.4191897272e-45
458	0.7225
459	0.0280037612086
460	0
461	1.887410625
462	2.4531133891e-15
463	1.65933452443
464	0
465	4.44327623969e-07
466	2.0
467	3.69510516367
468	0.0035348273945
469	0.00489249605221
470	0
471	2.80430374157e-08
472	1.58889659477e-11
473	0
474	0
475	0.0551712251113
476	0.000566592188719
477	4.94942181945e-05
478	4.35018964656e-08
479	0.792082151265
480	0
481	1.00280703367e-12
482	1.36387748479e-53
483	5.98412514292e-06
484	0.0280037612086
485	6.03328210568e-06
486	2.55749407158e-09
487	0.644131580592
488	6.32019750159e-08
489	9.77149686766e-18
490	5.5209569697e-09
491	0
492	1.00844476145e-36
493	0.00551325914829
494	0.873431492289
495	0
496	1.75645422714
497	1.00428007027
498	1.57062104671e-09
499	5.98412287945e-06
500	5.37216506931e-08


input.Sab9web1.gz

451	8.865897367
452	6.55808011784
453	0.704385018813
454	8.34565455137
455	2.18717006194
456	0.00489334458038
457	0.926987677385
458	0.0502767229254
459	4.74199663575
460	1.72361714892e-06
461	2.39498105008
462	3.53925434617
463	0
464	0
465	0.0682644706561
466	1.7
467	5.44414522014
468	0.000137623202786
469	0.0344165112
470	0.170444657672
471	0.463388515533
472	0.52248785336
473	0
474	0
475	1.39536785538e-09
476	2.27652151749
477	2.11715288571e-08
478	0.0251812917233
479	1.53814573995
480	9.23894733357e-10
481	3.20068061625
482	0.232227466077
483	0.00406821918676
484	3.14141631064
485	0.0125274917113
486	4.45681480156
487	0
488	1.61183525199
489	0.0685464266559
490	1.25577078971
491	1.97427037422e-13
492	4.60318321297
493	0.0283670544179
494	9.49734267286
495	7.43552258559e-08
496	4.84320018835
497	0.0167434113355
498	1.445
499	0.041922965651
500	0.831078628496


input.Sab9web2.gz

451	8.01266056272
452	7.31584110021
453	8.24967822605
454	10.0611630344
455	3.12823299695
456	1.2288751545
457	1.43894608713
458	0.263224147489
459	6.65592021025
460	2.29590846224
461	2.737410625
462	1.06116305801
463	3.8550482907
464	1.03631635236
465	5.01919576748
466	2.00003039564
467	5.6246745001
468	0.0226256787875
469	1.9988557333
470	0.47314488827
471	1.60443956699
472	1.62085636116
473	0
474	2.44521486516e-37
475	1.36369041713
476	3.5326707849
477	0.0560075224476
478	6.38626194704
479	2.87033445449
480	0.614127911673
481	2.92878186839
482	0.232258584821
483	2.2323570278
484	0.25427378169
485	0.198491716281
486	4.74428008133
487	4.85243516362
488	2.80842266496
489	1.13536015954
490	5.25527502814
491	3.34176939715
492	7.40697314841
493	5.661448068
494	10.261628186
495	0.290127970458
496	5.57642509508
497	0.385303003555
498	1.21848730204
499	0.761259531085
500	2.47287644133


input.Sab9web3.gz

451	7.68956045718
452	7.16955486919
453	8.68160956267
454	10.0934783297
455	3.58811339452
456	0.312493266629
457	1.30983108449
458	0.00856545534423
459	6.48689905277
460	2.8720183098
461	2.737410625
462	1.27851427431
463	3.70440981076
464	1.14868026072
465	5.45389034865
466	2.0
467	5.0461238374
468	0.0368419693225
469	2.71463215971
470	0.451779299185
471	1.61882938935
472	1.780103892
473	0
474	4.53993217621e-37
475	1.24250164596
476	5.21609359976
477	0.0476063940596
478	6.30923638722
479	3.0156583318
480	0.722500938463
481	2.79744776836
482	0.328574943623
483	1.87853054722
484	0.153596829295
485	0.233519666212
486	4.44578292382
487	5.67073149897
488	2.80614129018
489	1.29097983717
490	5.52123615694
491	3.49973523288
492	7.46821252544
493	5.71825930367
494	10.3230593974
495	0.341172720512
496	5.5001976785
497	1.40296112825
498	1.65874049439
499	0.742732717473
500	2.71520029737


input.Sab9web4.gz

451	8.01266056272
452	7.72272457145
453	8.20437917051
454	10.059505742
455	2.99484587482
456	1.35570231498
457	1.45790023229
458	0.857601877368
459	6.59894925886
460	2.30579605749
461	2.737410625
462	1.12108463003
463	3.85453919339
464	0.797376118706
465	4.98869553815
466	2.00002196085
467	5.60784032541
468	0.0226256787862
469	1.97846338494
470	0.41830883792
471	1.65429982196
472	1.56801459365
473	0
474	6.20180192312e-43
475	1.17684475879
476	3.00013967643
477	0.0476063940904
478	6.38626178949
479	2.87033500574
480	0.722509927661
481	3.0192640778
482	0.232234926893
483	2.2433152848
484	0.257232829973
485	0.233519666212
486	4.41438522664
487	4.85243563218
488	2.79933603649
489	1.37215256953
490	5.18991512823
491	3.37529553091
492	7.00927361857
493	5.65425496561
494	10.2480127483
495	0.290002726191
496	5.5764694598
497	0.410839831307
498	1.11458797931
499	0.768099448335
500	2.44362767847


input.Sab9web5.gz

451	7.55956662228
452	7.36845813946
453	8.08888303454
454	10.0545008582
455	2.13153992819
456	0.739343361457
457	1.43894608713
458	0.263224147489
459	6.65592021025
460	2.29590846224
461	2.459910625
462	1.06116305801
463	1.38488950223
464	1.87892826545
465	4.08307784306
466	2.00002196085
467	4.76555787466
468	0.0226256536495
469	1.9988557333
470	0.47314488827
471	1.60443956699
472	0.798658298519
473	0
474	2.44521486516e-37
475	1.15928999654
476	3.5322670906
477	0.00415861938196
478	6.38626194704
479	2.87033445449
480	0.614127911673
481	2.92878186839
482	0.0539350884854
483	2.2323570278
484	0.183712807271
485	0.198491716281
486	4.74428008133
487	4.84852850945
488	2.40537019567
489	1.13536015954
490	5.25527502814
491	3.24893213053
492	4.70518397727
493	4.02862195273
494	10.261628186
495	0.290127970458
496	5.57642509508
497	0.385303003555
498	1.03571420673
499	0.0914488960883
500	2.47287644133


input.Scai9Web1.gz

451	1.26610539095
452	2.93199480955
453	1.26291878596
454	7.31559775952
455	0.00338580953817
456	0
457	0.228343858619
458	0.655508317332
459	1.8294121942
460	3.22628682674
461	0.154002468872
462	0.000347958437655
463	2.68220463093
464	0.087354557271
465	0.272972283113
466	1.2282500003
467	4.80746442336
468	0.000427380290503
469	4.62582691016
470	4.12039951764
471	0.0248508352364
472	2.12290538555
473	0
474	1.93707674212e-24
475	0.767703298501
476	4.55622566349
477	1.72157954055e-54
478	2.35631107282e-06
479	3.10069977858
480	1.92115584392e-06
481	6.47874796903e-05
482	0.0252234097009
483	0.000449340786622
484	1.65838547881
485	0.0106483679546
486	0.575036053875
487	2.42317225835
488	0.00897738221166
489	0.561325597228
490	0.00832933063311
491	1.70004207142
492	1.13521139667
493	1.0014987765e-06
494	6.27058684288
495	1.8814488694
496	2.79081466524
497	2.29163429304
498	1.76013552417e-19
499	0.850922600755
500	1.03205692189


input.Scai9Web2.gz

451	0.960463120585
452	3.52760420945
453	9.89884363892e-05
454	7.35455870112
455	3.0497758983e-09
456	0
457	0.228343858619
458	0.655508437679
459	2.14128226663
460	3.22628682674
461	0.154002468872
462	0.000347958437655
463	3.36156450949
464	0.142246668975
465	8.30314209474e-12
466	1.22825000109
467	4.82560241443
468	0.00255392150582
469	3.91469519494
470	4.12039951764
471	0.0248508352364
472	2.12290538555
473	0
474	1.93707674212e-24
475	0.921005623303
476	4.56362902519
477	1.72157954055e-54
478	2.35631107282e-06
479	2.56583563072
480	1.92115584392e-06
481	6.47874796903e-05
482	0.0252234097009
483	0.000449340786622
484	1.18713749788
485	0.0106483679546
486	0.0697893499354
487	2.42317225835
488	0.00897738221166
489	0.561325597228
490	0.00832933063311
491	1.70000451382
492	0.174708438204
493	1.0014987765e-06
494	6.27058684288
495	1.87515411608
496	2.79081467324
497	2.51450064149
498	1.76013552417e-19
499	0.850922600755
500	1.03205692189


input.Scai9Web4.gz

451	1.29419762993
452	3.384068002
453	0.286940373849
454	7.3378604928
455	3.0497758983e-09
456	0
457	0.228343858619
458	0.655508437679
459	1.8324662677
460	3.22628682674
461	0.154002468872
462	0.000347958437655
463	2.68307700949
464	0.142243567143
465	0.0742533431451
466	1.22825000109
467	4.8389989082
468	0.00156842308506
469	5.19298165151
470	4.12039951764
471	0.0248508352364
472	2.12290538555
473	0
474	1.93707674212e-24
475	0.635567733664
476	4.5635657617
477	1.72157954055e-54
478	2.35631107282e-06
479	3.11493297228
480	1.92115584392e-06
481	6.47874796903e-05
482	0.0252234097009
483	0.000449340786622
484	1.4061984236
485	0.0106483679546
486	0.320012322519
487	2.42317225835
488	0.00897738221166
489	0.561325597228
490	0.00832933063311
491	1.70000104548
492	0.645312795939
493	1.0014987765e-06
494	6.27058684288
495	1.93214120699
496	2.79081467324
497	2.29179453766
498	1.76013552417e-19
499	0.850922600755
500	1.03205692189


input.tnout9f1.gz

451	6.94204326197
452	6.1764569863
453	6.81019785309
454	4.07291326942
455	3.36538315841
456	0.0509922026252
457	1.95863755459
458	1.28874966086
459	5.55618052955
460	0.893101398224
461	3.059125
462	0.616204430766
463	4.37168453633
464	0
465	5.40570092259
466	2.14224175714
467	6.26131150368
468	0.291038164629
469	5.38705560481
470	1.43897192269
471	2.56760569833
472	1.27464623183
473	0
474	0.000207159611764
475	4.88212575987
476	2.67225589033
477	0.334686487379
478	3.94437726318
479	2.2116754926
480	0.331074188425
481	1.97205677128
482	0.712621689048
483	2.32589828691
484	0.971355400488
485	3.7
486	5.02656153125
487	5.44466608943
488	1.65301567675
489	3.10057267695
490	2.33376325715
491	2.74914401942
492	6.67506442492
493	4.59390597925
494	6.41044973605
495	0.0219684282958
496	5.32284326679
497	0.0068683675779
498	0.306025381911
499	0.970905493566
500	2.07397488462


input.tnout9t2.gz

451	8.32693692873
452	2.94754297389
453	6.9397273528
454	8.15620107285
455	4.15792309159
456	1.48036987919e-56
457	0.490136435037
458	0.270574893653
459	2.49229070102
460	2.72637920165
461	3.07838123235
462	1.40554235705
463	0
464	0
465	0.00404212466892
466	1.70000032103
467	3.36898430427
468	0.00679333565671
469	4.85967338535
470	2.52086050694
471	1.22826107063
472	0.204748956943
473	0
474	6.55323045041e-33
475	0.735066251655
476	2.62703763271
477	5.24018988205e-65
478	0.00368548268142
479	3.84581360234
480	0.0536469146201
481	2.12693629591
482	0.021733282604
483	0.00348620586019
484	0.438685482071
485	3.7
486	5.49831153125
487	0.142245517352
488	0.66060028911
489	1.00400016881
490	4.44362079714
491	0.169247382055
492	5.75736760627
493	0.0108226053385
494	7.19273073601
495	0.00117965598475
496	3.60903944308
497	2.16633654485
498	1.05064125817
499	1.85000023194
500	0.175216265489


input.tnout9t2lc10.gz

451	8.32693692873
452	2.94754297389
453	6.17442944108
454	8.15620107285
455	3.53507260721
456	1.48036987919e-56
457	0.354123574315
458	0.270574893653
459	2.49229070102
460	2.72637920165
461	3.07838123235
462	1.40554235705
463	0
464	0
465	0.00404212466892
466	1.70000032103
467	3.36898430427
468	0.00679333565671
469	4.85967338535
470	2.22086050694
471	1.22826107063
472	0.204748956943
473	0
474	6.55323045041e-33
475	0.735066251655
476	2.62703763271
477	5.24018988205e-65
478	0.00368548268142
479	3.84581360234
480	0.0536469146201
481	2.12693629591
482	0.021733282604
483	0.00348620586019
484	0.438685482071
485	3.145
486	5.49831153125
487	0.142245517352
488	0.66060028911
489	1.00400016881
490	4.44362079714
491	0.169247382055
492	5.75736760627
493	0.0108226053385
494	7.19273073601
495	0.00117965598475
496	3.10917784933
497	2.16633654485
498	0.760927789419
499	1.57250023194
500	0.175216265489


input.tnout9t2lc50.gz

451	7.08194364232
452	2.0352855415
453	5.41194352595
454	8.15620107285
455	3.53605846529
456	1.48036987919e-56
457	1.23722854298
458	0.270574893653
459	2.49229070102
460	2.72637920165
461	1.36596711056
462	1.21259905944
463	0
464	0
465	0.00404212466892
466	1.44500032103
467	2.8673993796
468	3.70001846074
469	4.85967338535
470	1.37368381951
471	0.39375560743
472	0.17964747039
473	0
474	6.55323045041e-33
475	0.70214438118
476	1.7867430282
477	5.24018988205e-65
478	0.00313832303561
479	3.84581360234
480	0.0536469146201
481	1.54796333695
482	0.0135095759253
483	0.00303551548523
484	0.438685482071
485	2.67325
486	3.37665056913
487	0.120909253781
488	1.43588677314
489	0.725537357372
490	4.44362079714
491	0.122809631931
492	4.89495859636
493	0.0108226053385
494	6.11400548573
495	0.00100270758704
496	2.2495591414
497	1.56521457063
498	0.760927789419
499	1.57250023194
500	0.175216265489


input.tnout9t2lk50.gz

451	8.58177699683
452	1.06128715926
453	1.61459871742
454	3.90405728079
455	4.89853496132e-06
456	2.92265039539e-69
457	1.03692312445e-13
458	5.34187996547e-14
459	4.18238734073e-13
460	4.5752182337e-13
461	5.71382222952e-13
462	2.35868253996e-13
463	0
464	0
465	2.5582843415e-16
466	7.77366754662e-14
467	4.78583083278e-13
468	1.37833461199e-16
469	2.6143583284e-13
470	9.60114809763e-43
471	2.06118152702e-13
472	3.43595329869e-14
473	0
474	7.94545635358e-46
475	1.23353659517e-13
476	4.91861229262e-13
477	0
478	6.18471838175e-16
479	7.1781938427e-13
480	5.52875163733e-15
481	2.73338856716e-13
482	2.23979184325e-15
483	4.22684608933e-16
484	4.52101130969e-14
485	6.20908032693e-13
486	9.22688052973e-13
487	0
488	5.78682057024e-14
489	1.68484262068e-13
490	1.72716121286e-13
491	5.01979078311e-17
492	3.09729088326e-13
493	9.48054008288e-16
494	1.20696930522e-12
495	3.31275343137e-17
496	3.07789676239
497	5.17104823605e-14
498	9.20355704492e-14
499	3.10454055269e-13
500	2.94035639732e-14


input.UCCS1.gz

451	0
452	1.14636996769e-05
453	0.0690293965381
454	0.0171978100105
455	0
456	0
457	4.78731554534e-29
458	2.67011443289e-30
459	0.00108541265305
460	0.614125
461	5.16725824727e-05
462	0
463	0
464	0
465	0
466	0
467	0
468	4.91999872195e-27
469	0.00575587457005
470	1.83325630612
471	0
472	0
473	0
474	8.74767363011e-08
475	1.5572069664e-06
476	0.150467723025
477	0
478	0.000299170546318
479	0
480	0
481	9.26488186752e-22
482	0
483	0.00133330680422
484	0
485	0
486	0
487	0
488	0.000111547499658
489	1.6236032718
490	2.59451525505e-23
491	0
492	0.232535976679
493	1.33690031075e-15
494	7.19850659519
495	0.000788534170607
496	3.4379607864
497	2.5725
498	0.7225
499	2.4703645779e-45
500	8.07061029642e-11


input.UCCS2.gz

451	0
452	1.34867055022e-05
453	0.0690293965381
454	0.0645544972134
455	0
456	0
457	5.63213593569e-29
458	2.67011443289e-30
459	0.00468624023615
460	0.614125
461	0
462	0
463	0
464	0
465	0
466	0
467	0
468	0
469	0.00575587457005
470	1.83325630612
471	0
472	0.272490525039
473	0
474	8.74767363011e-08
475	1.5572069664e-06
476	0.087357829747
477	0
478	0.000299170546318
479	0
480	0
481	0.167354707389
482	2.58725274948e-11
483	0.00133330680422
484	0
485	0
486	0
487	0
488	3.6162779701e-53
489	1.6236032718
490	3.0523708883e-23
491	0
492	0.75429903125
493	1.33690031075e-15
494	7.19850659519
495	0.000481603360412
496	3.4379607864
497	2.5725
498	7.86411947501e-16
499	2.4703645779e-45
500	6.86001875195e-11


input.UCCS3.gz

451	0
452	0
453	0
454	0
455	0
456	0
457	0
458	1.43845604045e-49
459	0
460	0
461	0
462	0
463	0
464	0
465	0
466	0
467	0
468	0
469	0
470	0
471	0
472	0
473	0
474	0
475	0
476	7.95279135286e-64
477	0
478	0
479	0
480	0
481	0
482	0
483	0
484	0
485	0
486	0
487	0
488	0
489	0
490	0
491	0
492	5.355219068e-42
493	0
494	0
495	0
496	0
497	0
498	0
499	0
500	0


input.UCCS4.gz

451	0
452	0
453	0
454	0
455	0
456	0
457	0
458	1.69230122406e-49
459	0
460	0
461	0
462	0
463	6.50435248481e-15
464	0
465	0
466	0
467	0
468	0
469	0
470	0
471	0
472	0
473	0
474	0
475	0
476	2.16706029127e-64
477	0
478	0
479	0
480	0
481	0
482	0
483	0
484	0
485	0
486	0
487	0
488	0
489	0
490	0
491	0
492	6.54478875406e-39
493	0
494	0
495	0
496	0
497	0
498	0
499	0
500	0


input.uwmt9w10g0.gz

451	7.4982429354
452	3.30233670495
453	4.81131561244
454	8.74664762779
455	2.09792360851
456	8.09470731954e-15
457	2.11226421149
458	0.0635740812679
459	1.31803688552
460	1.04682214949
461	3.71377451562
462	2.24834761244
463	0
464	2.45137699176e-05
465	0.218063524714
466	8.41466661733e-05
467	1.70701129692
468	1.81224442697
469	1.70540826074
470	4.35006606211
471	0.0404654351593
472	1.17058272175
473	4.34174598583e-24
474	2.82982947771e-22
475	8.46411745815e-08
476	4.37495659542
477	7.17254383936e-17
478	2.80749679068e-11
479	5.94392468145
480	6.69387678968e-22
481	4.51939856135
482	0.108759424312
483	0.152892267946
484	3.99627329503e-05
485	0.526294501404
486	5.89929903125
487	4.04461360748
488	0.0375790589183
489	0.372039316151
490	4.14679711979
491	0.634330563333
492	5.14521121574
493	3.04554970186e-57
494	7.08775679978
495	4.60589775907
496	3.16932520245
497	2.54888737763
498	1.7
499	1.0001115475
500	1.03652051339


input.uwmt9w10g1.gz

451	8.17986168237
452	3.26753002718
453	2.50554186034
454	9.36248574025
455	4.41659623085
456	0
457	0.00296481546909
458	0.685214862899
459	0.732261810824
460	0.0310633630128
461	2.68320208754
462	1.37278411341
463	5.7260059531
464	3.37181617792
465	1.16414020544
466	1.01739327898e-05
467	1.72473853752
468	3.14476146904
469	7.27166866328
470	2.0
471	1.445
472	1.44747081694
473	1.46386408e-08
474	0.272548639106
475	0.850000116006
476	3.50623578392
477	0.0911988966694
478	4.82287375838
479	4.07781457334
480	0.00763199143707
481	3.66579602672
482	0.23905783009
483	2.28105314542
484	2.98159958836e-19
485	3.80781087428e-07
486	2.22491777216
487	2.67361332172
488	0.798276418718
489	1.6612284413
490	4.80779140768
491	2.22200769703
492	2.66594109195
493	0.466118097612
494	6.35185013736
495	4.50535093702
496	1.80835828619
497	0.175783280464
498	0.506459405283
499	0.7225
500	7.64882240919e-27


input.uwmt9w10g2.gz

451	7.56449617565
452	3.30233668358
453	4.81099029718
454	8.73926864356
455	1.99038561644
456	3.3656869018e-15
457	2.10051216324
458	0.0541244196756
459	1.31803659034
460	1.04763776782
461	3.71377451562
462	2.24923016941
463	0
464	2.4513769917e-05
465	0.218063184661
466	8.41466661733e-05
467	1.68249029531
468	1.81224442511
469	1.70539079219
470	4.34649558254
471	0.0404654350939
472	1.17058182166
473	1.00562194678e-24
474	6.5543646213e-23
475	8.20438662025e-08
476	4.36223657661
477	6.2651910695e-18
478	3.51968444997e-11
479	5.93980684104
480	5.68979527123e-22
481	4.51939825631
482	0.107854338822
483	0.152892267947
484	3.99558616518e-05
485	0.526294501404
486	5.78615417656
487	4.01167030093
488	0.0375673861378
489	0.316966855714
490	4.14672385881
491	0.634330563333
492	5.15064013319
493	7.05515663501e-58
494	6.9471052127
495	4.60660794523
496	3.16829716074
497	2.30867533974
498	1.7
499	1.0001115475
500	1.03652051339


input.uwmt9w10g3.gz

451	8.25393180733
452	3.26751975157
453	2.50554186034
454	9.36225013962
455	4.37347323055
456	0
457	0.00155667071236
458	0.685085774455
459	0.73226181017
460	0.0310633630127
461	2.68320208754
462	1.36083054044
463	5.50570889982
464	3.37181617792
465	1.16414019883
466	1.01739327898e-05
467	1.7151250531
468	3.14476131883
469	7.27166866328
470	2.0
471	1.445
472	1.39172474059
473	1.46386408e-08
474	0.272546232509
475	0.850000116006
476	3.49023595659
477	0.077519062169
478	4.82287375448
479	4.07739574202
480	0.00763165645035
481	3.66579602669
482	0.238293937095
483	2.26795001255
484	1.81958047946e-19
485	0.00017050758168
486	2.22491777216
487	2.67361325528
488	0.798180013858
489	1.6612284413
490	4.88308970203
491	2.22200689205
492	2.66594109262
493	0.466115124077
494	6.35633884501
495	4.50535093702
496	1.80835611327
497	0.466840564861
498	0.506459405266
499	0.7225
500	6.50148924313e-27


input.uwmt9w10g4.gz

451	7.66913115854
452	3.37432254928
453	2.6035405554
454	6.16734384093
455	1.77996555116
456	3.9754894786e-28
457	0.347361708051
458	3.71708151639
459	0.592921764451
460	1.21527681349
461	3.0602178125
462	2.27873325225
463	0
464	0.0158950944368
465	0.0329462165993
466	2.0
467	2.24605091676
468	0.148083354486
469	5.9722625
470	4.12222081193
471	1.65650460331e-05
472	1.00248350925
473	0
474	6.20179743604e-43
475	2.9499447913
476	4.62026946708
477	2.33870652242e-07
478	0.666271973534
479	5.56604381619
480	2.35223725611e-19
481	4.10129387129
482	0.898608514272
483	0.0109594481205
484	1.73971438112
485	1.931423125
486	5.29350217247
487	1.96517725568
488	0.0202096336031
489	0.791233452968
490	4.63246367317
491	1.03550150204
492	3.85894659658
493	2.67866210326e-33
494	4.45233296479
495	3.26534863816
496	2.51984248744
497	1.31495305159
498	2.05321873007
499	0.028008847713
500	1.08245710222


input.uwmt9w10g5.gz

451	7.63866857493
452	3.37432254732
453	2.59785028871
454	6.15081581029
455	1.78249479247
456	6.65271304603e-29
457	0.336757306044
458	3.71676274227
459	0.593319930049
460	1.21531654994
461	2.981916875
462	2.28395953561
463	0
464	0.0158950944368
465	0.0329463250733
466	2.0
467	2.22676848181
468	0.148083354486
469	5.9722625
470	4.11891375679
471	1.65650460331e-05
472	1.00208637513
473	0
474	4.48079864754e-43
475	2.95002469904
476	4.59671679208
477	1.43625814308e-07
478	0.691480631141
479	5.54111312221
480	1.68799704979e-19
481	4.10126751957
482	0.898608514272
483	0.00984892407066
484	1.73971085401
485	1.931423125
486	5.29350217247
487	1.89710470051
488	0.020209630389
489	0.791233445864
490	4.63643909559
491	1.03550150204
492	3.90812609706
493	1.24015251714e-35
494	3.82469324182
495	3.26534863816
496	2.51130744255
497	1.27127981057
498	2.03959514642
499	0.028007436208
500	1.08245710222


input.xvsmmain.gz

451	9.26862838454
452	2.39887164314
453	4.61411344717
454	6.42560837398
455	2.71866208344
456	3.59640425002e-22
457	0.630730229684
458	0.00975034521867
459	5.4247404804
460	0.513113521389
461	2.47684110134
462	1.24322531046
463	6.55125171844
464	3.81402064927e-49
465	4.93678354956e-05
466	0.107292819611
467	5.19024555619
468	0.0247453563057
469	3.03957358759e-05
470	1.86741242994
471	1.445
472	0.256600158351
473	0
474	0.000409839888038
475	2.10481744842
476	1.88919587018
477	0.641154196824
478	0.432422944761
479	2.94940097377
480	0.0845134223018
481	1.0139320732
482	1.08810309194
483	0.721959780307
484	2.0631134233
485	3.7
486	2.57115143002
487	4.74954869877
488	0.992158687111
489	1.36774439715
490	1.89496299973
491	2.61453436286
492	6.23859075278
493	1.74187132113
494	3.73688541287
495	0.563899510226
496	4.53736058774
497	1.07386740161
498	0.7052658382
499	1.2316169851
500	2.28222029859


input.xvsmman.gz

451	6.63833800681
452	5.65548694355
453	5.3083199614
454	4.57037703112
455	4.10582350493
456	0.850310169118
457	0.33560398123
458	1.64349504119e-12
459	5.69865753382
460	0.615023601284
461	2.47684852547
462	1.00000062743
463	6.60598708967
464	0.00763075959479
465	4.83686036742
466	2
467	2.4437053125
468	0.0296891132727
469	5.4172625
470	1
471	1.70011098871
472	1.18293002375
473	0
474	0.840809018422
475	3.8858287141
476	1.88909820874
477	0
478	2.60514359012
479	1.92936636764
480	7.65240401151e-15
481	1.0158342943
482	0.614266943136
483	2.52905629741
484	1.37049175714
485	3.145
486	3.145
487	4.13896168542
488	1.00353430058
489	3.7219054204
490	3.22820888573
491	1.6093604691
492	6.88887941167
493	1.84166029116
494	6.22845475981
495	3.49397760015
496	3.34660301458
497	1.49538198695
498	0.759173587265
499	1.23161696351
500	1.93211108635


input.xvsmtdn.gz

451	8.87213834741
452	3.56411665218
453	4.59989910517
454	6.43113347882
455	3.17025784468
456	0.850502804675
457	0.855756612467
458	0.0141579840084
459	5.74833421133
460	0.466041372997
461	2.47687962432
462	0.856647959266
463	6.55212014083
464	0
465	1.07306493215
466	2.00244624669
467	6.51525715137
468	0.0293774982987
469	0.000183083501999
470	1.86776242159
471	1.445
472	0.359425217409
473	0
474	8.04152618757e-06
475	2.0
476	1.88919271013
477	1.22825
478	0.425875922696
479	3.09877894291
480	0.364233518017
481	1.01603716354
482	1.08713017009
483	0.720825529324
484	1.54776966953
485	3.7
486	2.57115143002
487	4.71348158901
488	1.14581966643
489	1.25998553444
490	1.89495543803
491	2.61447295843
492	6.4336207068
493	2.65815339945
494	6.36062697421
495	0.00648590698774
496	4.56048248022
497	1.18507247616
498	0.758627886283
499	1.23161697928
500	3.12048345548


input.xvsmtitle.gz

451	9.28232529114
452	3.09682838303
453	4.26139062321
454	4.19288306237
455	1.95225230125
456	3.64401692864e-12
457	0.630808789659
458	0.0246914476159
459	5.38463836291
460	0.504646843895
461	2.47682942689
462	1.29851965426
463	0
464	0
465	3.69526056688e-06
466	0.334686487379
467	5.82760749512
468	0.0257185596333
469	3.03957358759e-05
470	1.86734704958
471	1.22825
472	0.459132224533
473	0
474	8.17203247945e-59
475	0.544981050268
476	1.81808545877
477	9.39878934055e-15
478	0.000745122099556
479	3.01739684209
480	1.53872297005e-23
481	2.86064870123
482	1.08713017009
483	0.0352251836666
484	2.10276966953
485	3.145
486	3.20751397389
487	0
488	0.861699398627
489	0.799909556632
490	1.63365270295
491	0.00170683628261
492	6.72474412627
493	0.309139405074
494	3.62957985292
495	0.0202341035026
496	4.12291098733
497	1.99143191641
498	0.758282481612
499	1.23161695278
500	2.34779450973


input.CWI0001.gz

451	1.63644696068e-06
452	2.41315520053
453	0.0124611773227
454	2.10931100399
455	0.0105616049755
456	0.000213689969532
457	0.0240428736154
458	4.97771977241e-29
459	0.215523390288
460	1.02405949567
461	0
462	0.443747383371
463	1.42443344811e-07
464	0.0124254176192
465	5.1673506371e-05
466	0
467	1.50594389876
468	1.46386432545e-08
469	0.0873542823032
470	0.0202767145487
471	4.20700854656e-05
472	0.0083636305086
473	0
474	0.377900360108
475	2.77204853516e-06
476	2.16141474081
477	0.00796660840146
478	2.5930513165
479	1.18348975659
480	7.44595318751e-14
481	0.0599824439185
482	0.00648614565561
483	9.65508461429e-05
484	0.231616963505
485	0
486	0
487	6.53175859944e-33
488	0.107292892756
489	3.99958625217e-15
490	1.76286966887
491	1.0
492	0.0292497634543
493	8.1462747771e-05
494	3.61939679964
495	0.142845634376
496	9.75781121265e-12
497	4.59845247976e-38
498	0
499	1.28954574944e-45
500	0.000477866964577


input.iit00tde.gz

451	7.47195088787
452	2.55239158294
453	7.9919816134
454	11.7320987322
455	5.05743483066
456	0
457	0.211485044427
458	4.23259758055
459	5.1375356803
460	0.046042729797
461	3.57252196085
462	1.21615146889
463	5.55304342915
464	1.48340164665
465	1.36525245372
466	1.70000007436
467	3.48819220997
468	1.30415792754
469	5.89930022283
470	0.801555456842
471	1.7
472	0.809114026045
473	1.97427037422e-13
474	1.6144190662
475	2.02378446897
476	3.47911180918
477	5.92358966996e-10
478	5.91481690239
479	3.46823604516
480	0.889677373148
481	5.15126775253
482	0.580587843322
483	2.12532509468
484	1.81268356014
485	0.103613916472
486	4.72656153125
487	4.0386170126
488	1.29317700237
489	1.96176350124
490	4.58809528067
491	1.8940587171
492	8.10202013412
493	4.90265142854
494	9.02139183202
495	6.03233271825
496	0.444344278176
497	1.06353144379
498	2.68264254656
499	0.0576297140063
500	2.16852916368


input.NEnmLsa.gz

451	7.65468845759
452	5.91579137155
453	4.78467837962
454	4.60318123266
455	3.71140981292
456	1.35786210092
457	0.520470345414
458	1.3171896346
459	3.29035341691
460	3.84908151582
461	2.65861910336
462	2.1870389804
463	3.24763713045
464	0.0873899786739
465	2.05893701571
466	1.44556659219
467	6.02168532616
468	0.0184571315746
469	4.27579732658
470	1.67435104287
471	1.70003739019
472	2.15548966863
473	7.95279135286e-64
474	0.999633484515
475	1.74300442594
476	3.78113696724
477	0.0343957621457
478	6.860076391
479	4.89345673771
480	2.40213370189
481	3.66045219399
482	0.297475611737
483	2.37207490892
484	0.558086533604
485	2.67325
486	4.56995965625
487	4.01833956598
488	3.94164303038
489	4.25932612283
490	3.02035758056
491	3.49265647786
492	4.94247957797
493	2.69271772124
494	7.23867718435
495	1.07708724043
496	5.07567339002
497	2.57260034293
498	1.51641750674
499	1.13613125
500	2.7323598487


input.PuShortWAuth.gz

451	0.770419349132
452	4.30604381215
453	5.06412223536
454	10.5506185213
455	2.48761635239
456	0.151380109757
457	2.43401868166
458	0.00210352744555
459	0.252649250981
460	2.53104905868
461	1.75460843485
462	0.952769671542
463	0
464	0
465	0.0140967527564
466	1.7
467	1.35233207157
468	1.68630302687e-06
469	1.5044082774e-09
470	0.615444026148
471	0.0129857780166
472	0.801280317618
473	0
474	5.52869961209e-15
475	0.000163019372458
476	2.24379054691
477	2.73638664932e-19
478	0.619890958923
479	1.50814874868
480	0
481	3.67499946334e-06
482	1.51066578839
483	0.782119925105
484	1.0
485	1.29287084275e-21
486	4.27681809342
487	0
488	0.0609493626744
489	0.212142963675
490	1.13000633419
491	0
492	2.46523275661
493	0.000206393367606
494	7.98223102167
495	0.722500010565
496	3.20851472392
497	1.90783031271
498	0.0658912028437
499	1.2175574513e-31
500	2.35005229479


input.Scai9Web3.gz

451	0.633711523802
452	3.45186455899
453	3.7636093536
454	7.31949600838
455	3.58723379723e-09
456	0
457	0.228344756763
458	0.655471492353
459	1.81443796742
460	3.22532951026
461	0.166497798722
462	0.00176741358361
463	2.92284035202
464	0.0873542859175
465	0.381841706683
466	1.22825000035
467	4.80858876115
468	0.000427380290503
469	5.12785021543e-05
470	3.98067973671
471	0.021123209951
472	1.98729727067
473	0
474	3.04062131666e-05
475	0.339209190635
476	4.54305807745
477	0
478	0.00156994307094
479	2.30214562384
480	8.52385978619e-13
481	0.000224194795844
482	0.0155573010752
483	0.00126441672998
484	2.24850759139
485	0.0173390888738
486	0.586779658399
487	2.43312405204
488	0.00897740476462
489	0.671538272468
490	0.00796205193371
491	0.231616946283
492	2.75429903704
493	2.70112421111e-11
494	6.2228812565
495	1.14178514151
496	2.58707758104
497	3.11251402856
498	5.49052190102e-19
499	0.851276956062
500	1.03209614916


input.CWI0002.gz

451	1.08633743492
452	0.591606806548
453	4.06226905719e-07
454	2.65891110059e-12
455	0.272490525039
456	2.19916483706e-11
457	0.134499541207
458	6.27455917878e-18
459	0.0456089770375
460	0.00469760416132
461	0.0105616049755
462	5.40753115585e-06
463	0.00648614565557
464	0.205542462811
465	1.00000072351
466	0
467	0.304346368006
468	0.107292819611
469	0
470	4.69995005366e-15
471	0.00236236871545
472	0.00287794497945
473	0
474	0.0559545443981
475	0.00200801340814
476	0.642655106608
477	0.0093724804723
478	0.666971470992
479	1.65752945595
480	0.37748499248
481	0.5662039133
482	2.08871562666e-21
483	0.000154391002987
484	2.52459238888e-22
485	0
486	0
487	1.38796821269e-12
488	0.000268469846679
489	9.74493003587e-06
490	1.13162151736
491	2.0
492	0.00398697920019
493	1.00001586671
494	0.0449335547663
495	0.191229615357
496	2.96179499642e-10
497	0.272490525044
498	0
499	5.37216506809e-08
500	0.373890500046


input.CWI0010.gz

451	0.111490651278
452	1.72056884717
453	1.17873810814
454	1.28663998358
455	1.5449893329
456	4.44327623969e-07
457	0.461717453731
458	1.00142840581e-06
459	0.459828849446
460	0.121000105495
461	0
462	7.16429466134e-06
463	0
464	0
465	1.56764029586e-17
466	0
467	0.0777421752945
468	2.24876483757e-21
469	1.50166757907e-37
470	0.0124329704082
471	9.00256399281e-15
472	2.51752598411e-10
473	0
474	6.44633586851e-10
475	0
476	1.07109200197
477	0
478	0.000213728784813
479	0.07634076365
480	8.07066340456e-11
481	0.0696549952648
482	1.38810650423e-06
483	0.123466406617
484	0
485	0
486	0.0914219916688
487	0
488	0.187575969098
489	0.000566613249392
490	2.41475350372
491	1.44373590935e-37
492	0.196874411943
493	0.0124254420009
494	0.720325856246
495	0.000643746928281
496	0.107031647493
497	2.7287272594e-07
498	1.21926511615e-37
499	2.25690904543e-06
500	0.384780339436


input.dcu00ca.gz

451	7.29722488692
452	4.09236081952
453	5.69652567013
454	9.55737235985
455	1.92597660391
456	2.71790550929e-11
457	1.89404937714
458	1.44138065434
459	1.2187790148
460	2.22373463053
461	2.39498105008
462	2.63539277452
463	4.34874247802
464	5.38190195765e-14
465	7.25124709939
466	2.614125
467	2.99515890594
468	0
469	3.89233925652e-20
470	1.16316053789
471	0.053178318895
472	1.01102644761
473	0
474	0.0404291835197
475	2.17127987519
476	1.55059761878
477	0.000363272948205
478	4.44072471904
479	6.55872985594
480	0.0318159482266
481	0.539197357811
482	0.00648806658576
483	2.43256996336
484	2.62406508031
485	2.67325
486	5.145
487	0.635034347076
488	2.54574459978
489	3.21245405985
490	3.64042733873
491	2.00086205088
492	3.28527277975
493	3.6267441355
494	4.18175893352
495	7.52753985183
496	3.27265523707
497	2.1850835235e-05
498	1.53816457416
499	1.12249052504
500	1.13591492169


input.dcu00la.gz

451	7.29722488692
452	3.47895521961
453	4.98704189542
454	9.55737235985
455	1.92597660391
456	2.71790550929e-11
457	1.03213362093
458	1.04139752276
459	1.2187790148
460	2.22373463053
461	2.39498105008
462	1.90636055918
463	4.34874247802
464	5.38190195765e-14
465	6.16490790286
466	2.614125
467	2.17310251744
468	0
469	3.89233925652e-20
470	0.988686473908
471	0.053178318895
472	0.625151447614
473	0
474	0.0362286193384
475	2.17127987519
476	1.7428698797
477	0.000363272948205
478	4.44072471904
479	6.55872985594
480	0.0318159482266
481	0.460321123621
482	0.00648806658576
483	1.94028445571
484	3.21059427464
485	2.2722625
486	5.145
487	0.635034347076
488	2.41888330784
489	3.21245405985
490	3.64042733873
491	2.00086205088
492	2.95727902975
493	3.12959081734
494	4.18175893352
495	6.40442364182
496	2.97265523707
497	2.1850835235e-05
498	1.32141457416
499	0.994990525039
500	1.13591492169


input.dcu00lb.gz

451	4.48140826744
452	2.95712876909
453	3.26316085404
454	9.122538575
455	1.39151809632
456	2.71790550929e-11
457	0.389458910543
458	0.752409710195
459	1.03596219215
460	2.22373463053
461	2.39498105008
462	1.17082575362
463	3.14196644037
464	5.38190195765e-14
465	4.45414597798
466	2.614125
467	2.58464032104
468	0
469	3.89233925652e-20
470	0.988686473908
471	0.053178318895
472	0.383921132766
473	0
474	0.0292100863953
475	2.17127987519
476	1.69790568285
477	0.000262464705078
478	4.44072471904
479	6.55872985594
480	0.0318159482266
481	0.391272956859
482	0.00648806658576
483	1.19157719136
484	2.63062028601
485	1.931423125
486	5.145
487	0.635034347076
488	1.74764392626
489	2.73058595087
490	2.63020875224
491	1.44572282155
492	2.79248333126
493	2.66015219474
494	3.5544951313
495	6.16949952343
496	2.51879961309
497	1.85732099497e-05
498	1.12320259594
499	0.718880654341
500	0.820977197408


input.dcu00lc.gz

451	5.27224499196
452	4.09236081952
453	4.14646822317
454	9.122538575
455	1.92597660391
456	2.71790550929e-11
457	0.633538284138
458	1.04139752276
459	1.2187790148
460	1.88537957683
461	2.39498105008
462	0.992403272089
463	3.14196644037
464	5.38190195765e-14
465	5.24017171743
466	2.614125
467	2.55592405569
468	0
469	3.89233925652e-20
470	1.16316053789
471	0.053178318895
472	0.44946118707
473	0
474	0.0343648066957
475	2.17127987519
476	1.30903170791
477	0.000116456983987
478	4.44072471904
479	6.55872985594
480	0.0318159482266
481	0.47853023453
482	0.00648910950502
483	1.47848657832
484	2.62406508031
485	1.931423125
486	5.145
487	0.635034347076
488	2.16388291239
489	2.73058595087
490	3.09436323792
491	2.00086205088
492	3.28527277975
493	3.6267441355
494	3.55449506274
495	7.52753985183
496	3.27239012509
497	1.85732099497e-05
498	1.30743988803
499	0.994990525039
500	0.965851300178


input.Flab9atd2N.gz

451	8.04955591362
452	7.37638793627
453	4.72592988988
454	11.0736141915
455	2.73643340928
456	0
457	0.63457364586
458	0.965711562501
459	4.79936793758
460	7.30646826969e-49
461	3.314125
462	2.54353521121
463	3.40845108404
464	0.727405904957
465	5.3776176438
466	2.0
467	5.39878674451
468	0.03443033887
469	0.00575619559677
470	0.793062994873
471	1.24286816221
472	3.66168791234
473	0
474	0.000295764663713
475	0.102912234408
476	2.01134559531
477	0.00491445423209
478	6.68311922626
479	3.80780650903
480	1.01883207168
481	4.11769127345
482	0.725984256674
483	4.19934345418
484	9.26618760136e-22
485	1.18613522664
486	5.68254903125
487	5.456825964
488	0.946988777716
489	1.60354492527
490	4.07076538068
491	2.85346966287
492	7.93131247873
493	1.31970133875e-28
494	4.68790745896
495	5.49657394478
496	4.90435280785
497	0.0393073107058
498	1.22827206023
499	0.970905493566
500	0.418813589379


input.Flab9atdN.gz

451	7.25003709718
452	7.3763453127
453	5.1115511446
454	11.3975569119
455	2.73229026875
456	9.54821510347e-35
457	0.896798399819
458	3.31620776843
459	5.61925339381
460	0.0171978098522
461	2.7665125
462	2.22955133584
463	2.51728894915
464	0.722685960003
465	0.08885749871
466	2.0
467	5.3988026896
468	0.00489276776166
469	2.48457730452e-05
470	0.84165728132
471	1.08277222824
472	0.00371243318844
473	0
474	0.0105616049755
475	0.101080841495
476	1.69209678421
477	0.0179563590751
478	6.94897456327
479	3.75102866305
480	0.722847959707
481	3.72136256818
482	0.667163514394
483	3.98209739762
484	1.54607541508e-10
485	1.39545320781
486	5.68254903125
487	4.79737833673
488	1.29537736712
489	2.70661328616
490	4.79472293477
491	2.62469303717
492	8.12555883173
493	2.05134118256
494	3.51811484883
495	5.52932464257
496	4.99769147304
497	0.0396527542104
498	0.929025770859
499	0.903646409806
500	0.65698185296


input.Flab9atdnN.gz

451	6.73880301546
452	7.20535724662
453	6.79358744347
454	10.3289325503
455	2.4179305004
456	4.75238269411e-63
457	0.783016802972
458	0.508222009651
459	6.12706999607
460	2.00631482836
461	3.059125
462	1.80060570993
463	3.22854513252
464	1.00844476144e-36
465	0.0344124540448
466	2.0
467	4.92498487465
468	0.00217086460397
469	0.000427379964955
470	0.985936025601
471	1.23473616949
472	0.00236289721868
473	0
474	4.00008786856e-21
475	0.0357276534592
476	1.67668673424
477	0.0152615256848
478	6.79584512749
479	3.80733745744
480	0.571757965813
481	3.6789194123
482	0.60894447133
483	3.59605543106
484	1.23045675447
485	1.00821494264
486	4.67356480156
487	4.23410555394
488	2.14714289245
489	3.06938532916
490	5.84914774503
491	2.92090536903
492	7.83425092383
493	5.53579437757
494	9.90005257531
495	6.40379890046
496	5.18328656184
497	0.0336523595589
498	1.06270166347
499	0.903646409806
500	1.55204938482


input.Flab9atN.gz

451	8.68057969111
452	6.10437529375
453	0.000361745423618
454	6.14886718893
455	2.53312402328
456	4.22473479349e-23
457	1.01576330826
458	4.11664761104e-28
459	5.85296273754
460	5.82284934552e-05
461	2.7665125
462	2.02631613802
463	0
464	0
465	0.0332828652161
466	2.0
467	5.51949929913
468	0.148816603856
469	0.00157988555072
470	0.417557363844
471	0.394045096084
472	0.523093116175
473	0
474	0
475	0.0924760011241
476	1.20996919639
477	3.45912397678e-07
478	1.726225526
479	2.85626750354
480	4.59201203005e-32
481	3.2292515455
482	0.485660647533
483	2.296065087e-11
484	1.24952726547e-26
485	2.67325
486	5.68254903125
487	1.32556398456
488	0.567839943401
489	2.10570412828e-57
490	0.845574077493
491	0.00266545962447
492	8.11640602843
493	0
494	6.99867727556
495	5.85922179892
496	3.90322402804
497	1.64136392748
498	1.44500000129
499	0.937354219101
500	0.20330588075


input.hum9td4.gz

451	8.81245435627
452	3.98915376986
453	2.70919921447
454	9.06319485587
455	4.97903977111
456	1.60007029562e-41
457	1.94757240411
458	0.0170737267593
459	2.73044211025
460	0.274524447749
461	2.84018029453
462	0.299059657945
463	7.97601762331
464	2.67193947276
465	0.811779647303
466	1.7
467	3.83982685241
468	0.0263080700798
469	4.26225577964
470	5.12323781073
471	0.754299754763
472	2.51890217724
473	0
474	0.148376913279
475	2.14350670477
476	6.06535149065
477	0.000963245534716
478	1.72026691557
479	4.09704563662
480	1.54164844844
481	3.75805943718
482	0.142371198026
483	1.25917644691
484	0.0406489144825
485	3.145
486	5.13648389257
487	4.55646938164
488	2.17004072225
489	2.08376234532
490	6.77007109444
491	3.20155429172
492	2.23652298555
493	0.000840686812448
494	8.00297897086
495	6.73394007063
496	2.73360076513
497	1.34785912894
498	2.20308833988
499	1.7225
500	0.00296386743186


input.hum9tde.gz

451	7.64213131666
452	3.7284684641
453	2.32916532754
454	8.44337302036
455	5.40445618816
456	0
457	0.215639791328
458	0.553565601229
459	0.418250766338
460	0.292804524541
461	3.5098542191
462	0.0949578990823
463	7.02349950777
464	2.54108990837
465	0.614125021613
466	0.00796660840146
467	3.08942495559
468	2.65840660453e-07
469	6.03384250879
470	5.13601309274
471	1.445
472	2.45024660625
473	0
474	2.52303356255e-16
475	2.65120169264
476	5.51783372803
477	8.88655247939e-07
478	2.1010117605
479	4.66939330295
480	0.789500707586
481	3.68822088231
482	0.00815268521225
483	2.41239415797
484	0.000181638118553
485	3.7
486	4.11101130868
487	3.65077949078
488	2.15008883485
489	1.88512225824
490	6.54878338617
491	3.01650447077
492	0.191253683607
493	2.35963181255e-06
494	9.35546858549
495	5.9787895939
496	2.05787785575
497	1.72167544449
498	2.81431098743
499	1.46412500002
500	5.69194098306e-06


input.hum9tdn.gz

451	8.30946807934
452	5.73524280438
453	3.37941151883
454	6.19257480166
455	5.14000555936
456	0.0202353732277
457	1.91708638204
458	3.05760283526
459	1.35881368617
460	0.411486052031
461	3.09286813837
462	0.101948106519
463	7.05384044597
464	2.00002171239
465	8.14364260695
466	1.70002583629
467	5.54761643422
468	0.000142160839479
469	5.07904621436
470	3.77032096579
471	1.7
472	2.22372781725
473	0
474	0.0146181392983
475	3.0031127986
476	5.71248949903
477	0.00677161714124
478	1.12361953914
479	4.39637100798
480	1.61417943157
481	4.37192798751
482	0.381414192345
483	2.02186529097
484	0.991346529158
485	1.931423125
486	5.00793648738
487	4.04194933755
488	2.02926496438
489	1.52897419694
490	6.29734880722
491	3.75912500547
492	3.58724318554
493	1.47679903125
494	8.00859241676
495	5.85591224148
496	3.40172625865
497	0.800665883903
498	2.20775329646
499	1.7225
500	2.10579522149


input.hum9te.gz

451	8.65940590345
452	0.960888776279
453	2.93265294696
454	9.51817156457
455	5.45272178795
456	3.05665194007e-29
457	0.198696596765
458	2.32844557544e-09
459	0.558924627129
460	3.1390935348
461	3.34059944833
462	0.542992786191
463	2.55630616214
464	7.44884129986e-05
465	0.0215098732941
466	0.754299646236
467	4.3117734516
468	3.09466015335e-07
469	6.04001620252
470	3.1875555418
471	2.92772816e-08
472	0.0395080512245
473	0
474	6.15848869552e-13
475	3.23879407674
476	4.40427933035
477	7.00810797773e-34
478	1.45532059162e-05
479	5.24272295832
480	0.091989739014
481	3.48042841398
482	0.00815268521225
483	0.0383975906257
484	2.1939615625
485	2.67325
486	5.260660625
487	2.24638228156
488	1.50288889565
489	0.156956584055
490	5.98035136732
491	0.000298213092907
492	5.24751660404
493	0
494	9.43521842828
495	7.48743486765
496	3.33295531114
497	2.71476139303
498	2.14360426384
499	1.5725
500	0.00209101065161


input.iit00m.gz

451	9.0981084176
452	7.89097687213
453	4.27533920998
454	7.36345880866
455	7.34147758125
456	1.57880369825
457	7.5688231338
458	3.52443128959
459	7.55441300691
460	0.870208931864
461	2.85025184429
462	2.84821448613
463	7.51278732762
464	5.03424602405
465	6.01108619018
466	2.85
467	7.73286490937
468	6.72000437133
469	5.7172625
470	5.61268192734
471	1.97150527726e-07
472	1.95760518928
473	0.320577088281
474	2.33324407209
475	1.67881097483
476	7.16008634396
477	0.632335269179
478	8.29445558147
479	7.74171723941
480	3.2318423651
481	4.99323872616
482	5.08722027437e-06
483	5.28023725474
484	2.65288454883
485	0
486	6.37325
487	1.33128198516
488	2.2456943059
489	4.27340565258
490	6.16647729229
491	6.68278996323
492	8.16207851299
493	4.85948124469
494	10.538248658
495	7.85311090149
496	2.33744365255
497	0.791881799305
498	3.42697421733
499	1.0873542191
500	1.61449491928


input.iit00t.gz

451	8.12310360532
452	0.722521961771
453	9.85746034665
454	11.3348879148
455	5.44241975509
456	0
457	0.989031286944
458	0.000431088395249
459	4.40786856913
460	1.53887148457
461	3.03675623235
462	1.30120144369
463	0
464	0.528646908314
465	0.0202327214621
466	1.445
467	1.97154907144
468	0.245817168453
469	5.42948351427
470	1.65561698727
471	0.544981050078
472	1.01670627846e-05
473	8.30577233751e-18
474	0.00137846489555
475	1.88171622072
476	2.06774548204
477	3.55469907661e-27
478	3.73334904069e-05
479	3.3354571578
480	1.1708758199e-13
481	5.2893119555
482	0.466427809859
483	2.4187298681
484	0.699405518412
485	0
486	4.75681480156
487	0
488	0.953322448172
489	0.859615654492
490	3.23094197298
491	0.00184520151136
492	8.53465640762
493	3.99306251937e-61
494	8.00520978005
495	6.62536271607
496	0.106109420881
497	0.559242738783
498	1.53678330271
499	0.0319870654093
500	2.28664490249


input.iit00td.gz

451	7.48852540784
452	2.32249407684
453	7.40762962972
454	11.7320964735
455	5.04100086065
456	2.04895485011e-56
457	0.236564480405
458	4.13767799459
459	4.92810523594
460	0.042784351935
461	3.57268163647
462	1.03096691348
463	5.52425144139
464	2.12767087054
465	1.19898514101
466	2.00000138602
467	3.49880030855
468	1.73956283441
469	5.47968749636
470	1.02723275263
471	1.7
472	0.48241764334
473	1.24602961838e-14
474	2.04877302468
475	2.02302672263
476	3.71179462044
477	1.61412205928e-10
478	6.08866923917
479	3.54417956638
480	1.10200940946
481	5.64206807907
482	0.66734567297
483	2.02289052331
484	2.84168293094
485	0.0459740451874
486	4.72656153125
487	4.0386170126
488	1.99910859323
489	1.99734436287
490	4.53657168632
491	1.89401626103
492	8.35568118304
493	4.82335306383
494	9.65659817057
495	5.91935850291
496	0.444344278176
497	1.04589887157
498	2.74919834344
499	0.0686266471079
500	2.11768693809


