input.acsys9mw0.gz

451	5.42108097821
452	3.6084070461
453	2.84257457253
454	5.26889810106
455	0.990813709663
456	0.731334405829
457	2.60855309444
458	0.81320446341
459	3.12949012702
460	0.748950752238
461	1.82320000001
462	2.05368010468
463	4.43501340227
464	1.68
465	4.88524487292
466	2.343
467	4.33512936779
468	5.0127319242
469	4.00214
470	1.65767381929
471	0.940897922663
472	0.125720023461
473	0.0096889010407
474	1.20858886237
475	2.13985208176
476	2.40327643462
477	1.08233912076e-05
478	3.13645656775
479	3.4992895302
480	0.0283820556783
481	3.99887527131
482	1.17335576353e-11
483	2.02610480622
484	1.06642648269
485	2.38
486	2.796847214
487	3.0570920427
488	0.00831854116158
489	1.5515198815
490	0.614193510708
491	2.6802763392
492	5.21131042601
493	2.64416561319
494	1.81947815517
495	0.100656888109
496	2.45968512611
497	0.0383621161444
498	0.693707445858
499	0
500	0.705715455481


input.apl9all.gz

451	4.82532811212
452	3.65295357529
453	5.32015127653
454	4.91419561867
455	2.37673545802
456	2.25917784976e-05
457	0.541091837948
458	0.0480283135332
459	2.55029816981
460	0.0154464978657
461	1.34300031197
462	1.60287348829
463	3.01135680534
464	0.343000052608
465	2.06996036699
466	0.98000000001
467	3.37366320704
468	0.00954986141773
469	5.06600055268
470	0.000604544517942
471	2.00000091166
472	2.48889652922
473	0
474	2.65173084652e-06
475	0.344882763041
476	1.06437276063
477	0.000268213723933
478	2.32153762259
479	2.87676390302
480	0.0882219291766
481	0.493849615299
482	0.0662778344566
483	1.60822288595
484	0.36453388246
485	1.666
486	3.901298
487	2.36894290443
488	0.0115561197656
489	0.550142556522
490	1.71490950116
491	2.49001082339
492	5.00829913173
493	3.0316368564
494	4.06687951849
495	0.826333135338
496	3.05465092766
497	0.760971303099
498	0.561378198242
499	0.344628413598
500	0.0782349779399


input.apl9lt.gz

451	0.777602950665
452	0.514071367637
453	0.0434141226471
454	0.0169783744212
455	2.24707722331
456	5.89642155557e-57
457	2.19012419722
458	7.73100569058e-06
459	0.0820633142558
460	1.6654543
461	1.3568412872
462	0.362697567789
463	7.22476835611e-78
464	8.27269706064e-13
465	0.0138412876989
466	2.43952097527e-10
467	0.298044439437
468	0.00111709172837
469	2.42218507868
470	8.89786194311e-09
471	0.0032568272556
472	2.03774910726
473	1.65809149475e-126
474	2.32630732143e-82
475	0.0658048019826
476	0.00496789971521
477	2.45056033851e-21
478	2.96222659323e-09
479	1.68416719981
480	1.18181497408e-91
481	0.0340386509694
482	1.54619874394e-05
483	1.75607192922
484	1.1398905875e-82
485	1.666
486	0.123992372786
487	0.247530514177
488	0.00153092405736
489	0.0408134199453
490	0.05424386393
491	7.03168307302e-91
492	3.90899628085
493	1.08723693422e-16
494	0.810437632925
495	8.73327109296e-66
496	0.00207750802046
497	1.53035740577
498	0.33614
499	0.00969155277155
500	0.00169684809727


input.apl9ltdn.gz

451	2.56020186413
452	2.25393977924
453	4.53740092639
454	1.62443413688
455	1.77855380946
456	0.698321766218
457	1.01978953594
458	6.57348863466e-05
459	2.94535374664
460	0.953484238721
461	0.827337901041
462	1.77249447405e-12
463	0.778310400176
464	0.000191581231381
465	0.696459859606
466	1.01604372148e-09
467	0.516068154736
468	2.14013808847e-07
469	4.4638314418
470	2.66054346362e-06
471	0.686
472	2.77218973049
473	0
474	6.19664992585e-20
475	0.427955531263
476	0.0111569823455
477	3.05734012639e-07
478	2.80354352039
479	2.01330186863
480	1.76542523455e-05
481	0.209599142679
482	0.00664670571008
483	1.69475086454
484	1.49027747566
485	0.0470603764834
486	0.69622914302
487	0.833895974008
488	0.00847940539566
489	1.45834164676
490	0.32991426161
491	2.578298
492	4.61253155393
493	1.94038441359
494	0.0221521647371
495	0.451400414521
496	1.02916612668
497	1.00114020152
498	0.746271617
499	0.0577418848034
500	1.57773741749


input.apl9t.gz

451	3.68499053554
452	0.74509931067
453	0.118389065737
454	0.146031614811
455	2.24728592028
456	8.7332763117e-66
457	0.347858566781
458	3.30283878426e-05
459	0.337303568473
460	4.16123024636e-15
461	1.11764910701
462	0.153905280572
463	8.81248697311e-88
464	2.92864493082e-11
465	0.00162843877642
466	2.96222659323e-09
467	2.07091516856
468	2.5998549843e-06
469	1.5994736442
470	5.4116956038e-06
471	0.0276825744874
472	2.03997972684
473	4.10890529502e-125
474	3.57224871889e-100
475	0.495876561863
476	0.0385436297056
477	5.33631333337e-17
478	2.29009551886e-14
479	2.55972739809
480	7.22476835611e-78
481	0.244748802164
482	2.20885534849e-05
483	1.74766799733
484	1.14596249365e-93
485	1.666
486	3.67549512302
487	0.0866428542058
488	0.00332503810198
489	0.0138441050235
490	0.344521583876
491	9.38748914101e-84
492	3.59584920421
493	7.11230611431e-10
494	1.26767679443
495	5.93274937211e-68
496	0.0699193750597
497	2.19113988952
498	0.98
499	0.490273687473
500	0.0405012638841


input.apl9td.gz

451	4.12520321837
452	3.65139582617
453	5.33174121773
454	4.29480777525
455	2.20724606521
456	0
457	0.488034269891
458	0.0471871578309
459	1.60558492183
460	6.63491666053e-05
461	1.34300021838
462	2.36044540593
463	3.34864581875
464	0.0576480467888
465	1.70332344742
466	0.00227977903949
467	3.13832175251
468	0.0396012732578
469	5.066
470	0.000525088966848
471	2.00000003743
472	2.62149046911
473	0
474	9.0954368013e-07
475	0.644989371831
476	1.06347256647
477	1.54619874394e-05
478	2.6362588785
479	2.76451979001
480	0.356841923882
481	0.515427186165
482	0.117315452406
483	1.68643320885
484	0.00233734941745
485	3.4
486	4.321298
487	2.1588627619
488	0.00807863799401
489	0.201844355869
490	1.29739829816
491	1.89000000071
492	4.77184640787
493	2.09846526703
494	2.91364121675
495	1.12424516008
496	2.64832447062
497	1.28045360912
498	0.487715864626
499	0.343273687473
500	0.0404954724695


input.apl9tdn.gz

451	4.20327253446
452	3.3112469316
453	5.6121002384
454	4.9320610277
455	1.99565015686
456	1.28742506602
457	0.700193337104
458	9.4008604082e-05
459	3.73529619217
460	0.216743456978
461	0.607649107007
462	1.59212993765e-13
463	1.20175533603
464	0.00162841359793
465	2.86176645292
466	2.51785105971e-08
467	2.99649672137
468	1.7076662682e-10
469	4.00490830743
470	6.3681691395e-07
471	2.0
472	2.44880502696
473	0
474	2.58086210989e-19
475	1.26824639637
476	0.259855434009
477	0.00111709172817
478	2.77565908203
479	2.9057933524
480	0.005021594703
481	0.135826126017
482	0.0397385617679
483	1.58347057424
484	0.6006018249
485	0.28000462
486	3.0249086
487	1.52059265867
488	0.0130158763108
489	0.941526145155
490	2.87013777574
491	2.54650278079
492	4.30673149902
493	3.42888911468
494	1.43875707575
495	0.647616103768
496	3.33048774919
497	0.0282531692993
498	0.8482733
499	0.709688901041
500	0.497860239709


input.att0010gb.gz

451	5.03973833299
452	3.35620380078
453	2.21678668788
454	1.25700241539
455	1.64348961443
456	1.19253398129e-34
457	2.02781711894
458	0.00334246430624
459	4.65373880233
460	0.229049048895
461	2.89
462	2.19930011761
463	0
464	0
465	2.49214468405e-10
466	1.4
467	1.02245775365
468	0.010053668891
469	1.4276825744
470	0.16868628164
471	2.5989744461e-06
472	1.00013421387
473	0
474	1.4350360161e-11
475	0.707770528345
476	1.78513457146
477	0
478	7.93737302975e-06
479	0.888079846618
480	1.3290157657e-140
481	2.14615580187
482	0.00233715422402
483	0.000383119025057
484	1.12207825073
485	0.4000066
486	4.460707214
487	0
488	0.241995173241
489	0.00325682719582
490	1.50900523659
491	1.34715181909e-15
492	3.98503126093
493	1.65062208111e-115
494	2.954256513
495	1.49287653986
496	2.36889044103
497	2.06277326794
498	1.4
499	0.169698413598
500	0.158399038987


input.att0010gbe.gz

451	4.96403804643
452	4.99397922187
453	3.9570974019
454	3.73364803339
455	2.41346270138
456	0.117840581231
457	2.2648930099e-05
458	4.84303245015e-05
459	5.0738545645
460	1.4325509621
461	2.323
462	1.30279311318
463	0
464	0
465	4.10016040494e-06
466	2.51990111116e-08
467	2.34215143079
468	2.09932645683e-22
469	2.14982266547e-18
470	0.0171067549342
471	0.00465261027974
472	1.00055862089
473	0
474	1.40935319453e-46
475	1.21581631397
476	1.51690703935
477	2.43952097527e-10
478	6.57133993415e-05
479	1.01034700807
480	8.65476188815e-44
481	3.508601134
482	0.000188387013078
483	1.83124041594e-52
484	2.40201165564e-58
485	0.571438
486	2.0519910698
487	0
488	2.43623468761
489	0.00162843524992
490	0.234338438982
491	0
492	3.55809708737
493	1.22289180983e-65
494	4.74787906257
495	0.678983742846
496	3.80253966544
497	1.54774900104
498	0.98
499	0.54764801
500	0.741965968619


input.att0010gbl.gz

451	4.9747237062
452	3.25624001765
453	1.18723575192
454	1.25700241988
455	2.26378616636
456	1.29934811447e-06
457	2.05810592102
458	0.00334246430624
459	4.4500108005
460	0.243026007162
461	2.89000378819
462	2.2795275254
463	0
464	0
465	9.13659557441e-18
466	0.235298
467	1.02245775365
468	0.770680859816
469	1.0076825744
470	0.16868628164
471	0.000556015484201
472	1.00000093185
473	0
474	7.80112079122e-28
475	0.707770528345
476	1.78789660263
477	0
478	0.168628546307
479	2.01137342157
480	7.59263222216e-41
481	2.49851422494
482	0.00586480610512
483	1.31409364556e-05
484	0.205067618717
485	0.81634
486	4.71614
487	0
488	0.0657907216328
489	0.0565004614956
490	2.42339192818
491	0.0175191801948
492	4.08733645766
493	0
494	2.63913455399
495	0.844214121843
496	2.36889044103
497	2.06277326794
498	1.4
499	0.530353607
500	0.229052350356


input.att0010gbt.gz

451	3.87889156618
452	2.66491866112
453	2.23875559986
454	0.890719915244
455	1.75282308281
456	8.08804061267e-37
457	2.91386641542
458	0.0013323956898
459	4.57344107944
460	0.00475191850118
461	2.176
462	2.16709657663
463	0
464	0
465	1.07006904424e-07
466	1.4
467	1.02245775365
468	0.00116309038189
469	1.4276825744
470	0.08297058164
471	0.33614
472	1.00000000001
473	0
474	2.66373048817e-17
475	0.707770528345
476	1.75959383345
477	0
478	0.124625106907
479	0.349717747355
480	9.30311035991e-141
481	0.646555044601
482	0.0809863131692
483	0.00162841359955
484	1.08545477551
485	0.571438
486	4.115498
487	0
488	0.633390147074
489	0.235845375203
490	0.0404868880239
491	1.34714744491e-15
492	3.37755820277
493	1.94194037221e-116
494	3.26393813531
495	1.01858886055
496	3.0029588238
497	1.00001736552
498	0.000268213723933
499	0.5182475249
500	0.0366810215771


input.att0010glf.gz

451	4.5051881011
452	2.76329862703
453	1.44594854691
454	1.02348066539
455	2.37111239955
456	1.60895116858e-05
457	1.87937065349
458	0.0403860654558
459	4.44905688793
460	0.0282475998079
461	2.38600000104
462	1.90807242794
463	0
464	0
465	8.53832341345e-11
466	0.235298
467	1.02245775365
468	0.129328909406
469	1.0076825744
470	0.0582642916354
471	1.4
472	0.168071859234
473	0
474	3.47677545566e-34
475	0.707770528345
476	1.10452774688
477	0
478	0.206247994429
479	0.833420690535
480	7.35642622389e-43
481	0.998157041115
482	0.0632819782591
483	0.019773267492
484	0.138357875731
485	0.4000066
486	4.8602
487	0
488	0.525965786527
489	0.00255064499988
490	0.935320592301
491	0.0114329352014
492	3.48691021581
493	0
494	1.68725911856
495	0.291786718478
496	3.00247030552
497	0.700002818189
498	0.11529602
499	0.51107
500	0.0890039628302


input.att0010glv.gz

451	4.91821490352
452	3.5032000257
453	1.44594854691
454	1.68668167631
455	2.34799894667
456	5.97682638942e-11
457	2.18346704098
458	0.0403860654558
459	4.59159390836
460	0.0282475998079
461	2.68000000001
462	2.24276836292
463	0
464	0
465	8.53832341345e-11
466	1.4
467	1.02245775365
468	0.117624181351
469	1.4276825744
470	0.0582642916354
471	0.16470860007
472	1.00000011968
473	0
474	9.42996066946e-16
475	0.707770528345
476	1.25152704745
477	0
478	0.206247994429
479	0.885727061911
480	2.23367470273e-62
481	2.06088133213
482	0.00191523289456
483	0.0138413473982
484	1.1156870021
485	0.571438
486	4.615298
487	0
488	0.294594579887
489	0.00255064499988
490	1.68003374988
491	0.000210314639401
492	3.44426497045
493	0
494	1.68725911856
495	1.08988174833
496	3.00247030552
497	0.700002818189
498	0.33614
499	0.285719
500	0.0511450201961


input.CWI0000.gz

451	0.01977326743
452	2.56087479711
453	0.208437686629
454	1.82917825391
455	0.7
456	1.23082481313e-32
457	0.0605769899535
458	2.29009551886e-14
459	0.475507652342
460	0.101940759546
461	0
462	8.27270222657e-13
463	0
464	0
465	0.00031917433148
466	0
467	0.040353607
468	9.97859599751e-45
469	1.9952628763e-24
470	0.0823543749048
471	7.15982232326e-56
472	0.000274133149804
473	0
474	1.24113532195e-16
475	0
476	0.692311369146
477	0
478	1.0
479	1.51076611424
480	3.57224540638e-21
481	0.00495215234562
482	2.009611496e-11
483	6.16876239212e-09
484	0
485	0
486	0
487	0
488	0.00477075012007
489	0.240101273361
490	0.700783820446
491	0.686
492	0.701139926222
493	4.52826711347e-16
494	0.130524943976
495	4.49607852995e-07
496	0.240100082444
497	0.00474756150994
498	0
499	0
500	0.148230561034


input.isnnwt.gz

451	3.4
452	4.83408145725e-47
453	0.293424328421
454	2.343
455	0
456	0.01977326743
457	1
458	0.0084106443264
459	0
460	0.000191585549495
461	0.686
462	1.2401
463	0
464	0
465	7.73099371971e-06
466	0
467	1.10442767424e-05
468	0
469	0
470	0
471	0.235298
472	1
473	0
474	0
475	0
476	0
477	0
478	0.490000002116
479	0
480	0
481	0.98
482	0
483	0
484	0
485	2.0321209724e-10
486	0.27484453486
487	0
488	2.70085000405e-17
489	0.0823543
490	0
491	2
492	1.59238170913
493	0
494	2.94402195513
495	0
496	3.0623543
497	2.18381437599e-07
498	0
499	1
500	1.0


input.iswt.gz

451	3.7124231842e-06
452	0.000191581231381
453	0.901452858449
454	3.21143806002
455	0.576395587201
456	0.000558545864083
457	0.700001957846
458	0.0186107118001
459	0
460	0.00232634184324
461	1.65453941213e-12
462	1.35711521818
463	0
464	0
465	1.0090709002e-22
466	0
467	0.00824243143987
468	0
469	0
470	0
471	0.235298
472	0.00232630513987
473	0
474	2.4447583138e-124
475	2
476	0.75117
477	0
478	0.24010178084
479	0
480	7.69617415563e-74
481	1.2201
482	6.90583065321e-47
483	1.4
484	6.81292814441e-93
485	1.65102527703e-57
486	1.4
487	0
488	1.34732039941e-15
489	0.719385694747
490	3.20540665261e-152
491	2
492	4.007649
493	0
494	2.72630868718
495	1.31706876653e-118
496	1.56807
497	6.36685502192e-07
498	1.74251498234e-10
499	1
500	6.60097246862e-16


input.iswtd.gz

451	0.000781964209717
452	2.09006037648
453	0.338806307121
454	3.21575942762
455	0.576395587201
456	0.000390982104858
457	1.81764990955
458	1.00004988588
459	0
460	0.000134106983942
461	1.686
462	1.00107
463	0
464	0
465	1.34713723849e-15
466	0
467	1.00474648811
468	0
469	0
470	0
471	0.235298
472	3.60464884971e-43
473	0
474	1.60650848219e-128
475	2
476	0.5831
477	0
478	0.117649
479	1.66799346542e-133
480	1.84785141477e-74
481	1.2201
482	0
483	1.0
484	0.7
485	7.83834405715e-60
486	1.40664658611
487	1.19276275515
488	8.01642410551e-15
489	0.728247562404
490	8.38552101024e-125
491	2
492	1.61106808928
493	0.390036206894
494	2.57454464209
495	1.05567365811e-53
496	3.89
497	0
498	1.9419385511e-37
499	1
500	0.49


input.iswtdn.gz

451	8.77278825284e-77
452	0.240100006169
453	0.107605453489
454	2.00002253934
455	0.576395587201
456	0.000558545864083
457	0
458	1.43806126743e-05
459	0
460	9.38749253525e-05
461	1.00038316246
462	3.45939375664e-67
463	0
464	0
465	2.85037568703e-24
466	0
467	6.62808156297e-26
468	0
469	0
470	5.86986470717e-125
471	0.235298
472	7.35642622389e-43
473	1.52178509767e-75
474	1.48781712045e-99
475	2
476	0.589882230728
477	7.57637384531e-06
478	0.16807
479	6.08575426699e-134
480	3.26381918357e-117
481	1.2201
482	0
483	3.086
484	0.7
485	0.81634
486	0.98
487	2.43420970438
488	6.7011710478e-05
489	0.728247638898
490	0
491	2
492	2
493	0.807755989091
494	0
495	0
496	2.453789
497	1.7
498	0
499	1
500	0.700005518703


input.jscbt9wcl1.gz

451	4.7065967207
452	1.61233776243
453	1.28598139167
454	4.58659793339
455	1.05753636736
456	0.343221851565
457	0.700253466287
458	1.71859240126
459	1.08819475169
460	0.0225203028667
461	1.8760000749
462	0.0823547812804
463	1.42204896594
464	1.05107628133
465	4.90052035356
466	0.98232630514
467	0.860602792373
468	0.421735522167
469	5.10829141918
470	2.20085806022
471	2.0
472	0.453490725345
473	2.26413355674e-16
474	0.0197958272193
475	0.143997373197
476	2.86093893842
477	3.59693008529e-08
478	2.85005128727
479	2.81216229296
480	2.20977326746
481	3.21658826283
482	0.490000017995
483	0.765498828067
484	0.282870097352
485	1.666
486	4.615298
487	0.489168288922
488	0.729156048407
489	1.22833374685
490	3.75634292723
491	1.55830233915
492	5.22460207166
493	0.0390625451391
494	3.89054165366
495	0.300853827952
496	4.34986126791
497	0.00162852679032
498	2.31207825073
499	0.700000052433
500	0.902664030914


input.jscbt9wcs1.gz

451	5.61666552431
452	0.550379036481
453	3.67127488705e-05
454	5.25794040911
455	3.36227327509
456	9.54284862472e-11
457	0.728384266746
458	2.95167453154e-22
459	2.87641843149
460	0.00018211747559
461	1.97020378819
462	1.9453025818
463	0
464	0
465	7.06351515805e-23
466	0.686000000007
467	0.572474148974
468	0.00163967188846
469	4.00214
470	0.81690175218
471	0.1647086
472	7.03167647888e-12
473	2.50057410322e-100
474	0.00232630513987
475	0.117032281834
476	1.0580873617
477	1.25057182363e-41
478	8.83340947774e-64
479	3.09408502793
480	0.0068604284397
481	3.7377144757
482	0.00968900804843
483	0.00419373742676
484	8.38621841699e-11
485	3.4
486	4.615298
487	1.55364376795e-16
488	0.000800276591632
489	0.16813573841
490	3.14664013217
491	2.65173084586e-06
492	5.08523240754
493	1.27336115218e-06
494	5.84711116617
495	2.00869210004
496	1.88794057424
497	0.241736173133
498	1.2305124191
499	0.700003788187
500	0.0203038470569


input.jscbt9wll1.gz

451	5.48060098209
452	1.6148407875
453	1.33663328144
454	4.58658616261
455	1.07752560702
456	0.34320523092
457	0.700219952983
458	1.7156857632
459	1.08819475108
460	0.0224010750741
461	1.67020044568
462	0.0823547803736
463	1.20057206089
464	1.05137882077
465	4.90052035378
466	1.40232630514
467	0.860637881632
468	0.411427191019
469	5.11030832574
470	2.193500442
471	2.0
472	0.309399069933
473	4.76904522879e-14
474	0.0199806273559
475	1.66104288647
476	2.88027614842
477	7.11230605035e-10
478	2.18449100926e-07
479	2.78042411902
480	2.21824752491
481	3.43030904916
482	0.700000012611
483	0.765498828042
484	0.398375876519
485	1.666
486	4.615298
487	0.459887030429
488	2.69659348472
489	1.20073949715
490	3.72417864519
491	1.45540426299
492	5.21128223912
493	0.72310231
494	3.84327625966
495	0.27486337192
496	3.69248513739
497	0.0920509320833
498	2.31207825073
499	0.700000218381
500	0.535945408109


input.jscbt9wll2.gz

451	5.0439535288
452	4.59955795055
453	1.3301182101
454	5.52600627606
455	0.981459793715
456	0.710962897421
457	0.700477037336
458	0.299488581978
459	1.34588893439
460	0.0247322286176
461	1.67020015287
462	0.043827567278
463	1.56285747393
464	1.22096084361
465	2.6350726134
466	1.40474756151
467	1.57523590619
468	0.408951994172
469	4.86357803145
470	2.8826854318
471	2.0
472	0.480390583616
473	1.00907090008e-22
474	0.000436980758513
475	3.32773678263
476	2.88741947528
477	1.70766468269e-10
478	2.12214747107
479	2.87038694883
480	1.86920988952
481	3.3990990278
482	0.490007791588
483	0.456663586028
484	0.379108043063
485	1.666
486	4.71614
487	2.36100534106
488	0.740577294522
489	1.38635799103
490	4.01060052752
491	1.65933162001
492	4.97852085803
493	0.272472963697
494	3.78441903776
495	0.612847723599
496	3.63669230376
497	0.086169222481
498	2.27545477551
499	0.700000909544
500	0.938323807329


input.jscbt9wls1.gz

451	5.40375901995
452	0.53249243874
453	4.55574066974e-05
454	5.75465311064
455	3.36849873667
456	9.54284862472e-11
457	0.608000379727
458	8.53842572019e-90
459	2.87641843149
460	0.000413315789893
461	1.72532053934
462	2.17225317147
463	0
464	0
465	1.39828363731e-24
466	0.686000000007
467	0.577356590486
468	0.00333907161121
469	4.00214
470	1.13421225982
471	0.1647086
472	0.35432568335
473	9.13660414249e-97
474	0.00113988951854
475	0.226629706292
476	0.361053988123
477	1.51852644443e-40
478	7.5082752466e-63
479	2.98080675205
480	0.00980061205672
481	3.73857686564
482	0.00968900804928
483	0.00423320036915
484	8.38424910986e-11
485	3.4
486	4.615298
487	1.08755186516e-16
488	0.0249144862124
489	0.168141124652
490	3.20768019226
491	7.73099371971e-06
492	5.04559322236
493	1.81908736026e-06
494	5.47527511723
495	2.06295505388
496	1.90840656096
497	0.490000082772
498	1.22636003294
499	0.700007730994
500	0.0203061655673


input.jscbt9wls2.gz

451	5.37918847464
452	0.763500246487
453	3.35258543505
454	0.689869645122
455	3.2509240097
456	1.00968890104
457	0.658549523456
458	7.29191036817e-10
459	0.00681524833434
460	8.01602273874e-05
461	1.42533019906
462	1.14201092043
463	0
464	0
465	6.85361254225e-21
466	1.4
467	1.17890157953
468	0.0592839999724
469	4.00214
470	2.09643992086
471	0.4802
472	0.49495945028
473	0
474	4.98929799875e-45
475	1.30167192213e-16
476	0.512741837718
477	3.52131315076e-45
478	4.50786805894e-05
479	2.93189349957
480	8.01533431602e-15
481	3.57704462109
482	0.117656731502
483	0.00227977903708
484	2.14022517367e-07
485	3.4
486	4.615298
487	0.000974881120941
488	0.00969292020551
489	0.119288466687
490	3.72571348873
491	4.45676403264e-07
492	3.41760400985
493	0
494	0.877361125449
495	1.82098623045
496	4.05263234266
497	5.70429901652e-05
498	1.12602240933
499	0.700001299348
500	0.000831106343299


input.Mer9Wt0.gz

451	2.0
452	0.530369384539
453	2.74061162366
454	2.05111778583
455	0
456	0
457	0.00162856655375
458	1.19950053472
459	0.170767721271
460	0.6414638453
461	2.386
462	0
463	0
464	0
465	1.68830552258e-12
466	2.2401
467	3.59970381324
468	2.0
469	1.4
470	1.45764801107
471	2.79936240236e-59
472	0
473	0
474	0
475	0.117649
476	1.15619574758
477	0
478	3.78854598394e-06
479	0.102373876949
480	0
481	9.42996066946e-16
482	0
483	0.000268213724078
484	0.503841287201
485	3.4
486	3.40026821372
487	1.43317659325
488	0.000391200486296
489	0.0426784773069
490	2.73226386214
491	0.000797928708916
492	0
493	0
494	1.30463682151
495	0.24010001807
496	2.64100050708
497	1.607649
498	0
499	0
500	0.343


input.Mer9Wt1.gz

451	2.65173084586e-06
452	0.0404193193702
453	1.87909720712
454	1.5989097992
455	0
456	0
457	0.000455722001044
458	1.70664658823
459	0.0306074696848
460	0
461	0
462	0
463	0
464	0
465	0
466	0
467	0.703323293231
468	0.480200012337
469	0
470	0
471	4.6836936862e-49
472	0
473	0
474	0
475	1.03677930763e-09
476	2.74313410686
477	0
478	1.14037184776
479	0.16807
480	3.82255277239e-107
481	0
482	0
483	0.013564461457
484	0
485	0
486	0
487	1.7
488	0.000134106862105
489	1.2401
490	0.000797924778852
491	0.0282475249
492	0
493	0
494	3.56155852388
495	1.00019158123
496	4.62068072804e-16
497	0
498	0
499	0
500	0.0823543


input.Mer9WtdMr.gz

451	0.2401
452	1.34104421113
453	1.10460102102
454	1.04300044568
455	0
456	0
457	0.000892205418165
458	1.78126586046
459	0.0144686616082
460	0
461	0
462	0
463	2.35310552379
464	0
465	7.73099371971e-06
466	0
467	0.140002314318
468	0.686000051385
469	1.15789358474e-26
470	0
471	1.00907090008e-22
472	0
473	0
474	4.45676403264e-07
475	0.737936425941
476	3.043
477	0
478	1.63388647682
479	0.16807
480	1.15023042111e-104
481	0
482	0
483	1.4
484	0
485	0
486	0
487	1.7282475249
488	0.00113988951854
489	1.7
490	0.70474756151
491	1.98
492	5.00114351649e-21
493	0
494	0.230237837854
495	1.16807
496	2.71227452935e-61
497	0
498	0
499	0
500	0.16807


input.Mer9Wtnd.gz

451	1.18181386581e-12
452	0.700191581231
453	1.36614982675
454	1.19000394105
455	0
456	0
457	0.00170190291581
458	2.38656459424
459	0.0305764817707
460	0
461	0
462	0
463	1.9969655349
464	2.72455069963e-151
465	1
466	0
467	0.117714712362
468	0.686000001039
469	0
470	0
471	6.39561690209e-18
472	0
473	0
474	7.73099371971e-06
475	1.24029158123
476	3.043
477	0
478	1.94079529624
479	0.16807
480	1.55652867083e-51
481	0
482	0
483	0.1647086
484	0
485	0
486	0
487	1.7823543
488	0.460649
489	0.2504243
490	0.49232630514
491	1.98
492	5.85728986163e-11
493	0
494	2.12498492112
495	0.000390982615292
496	0
497	0
498	0
499	0
500	0.49


input.NEnm.gz

451	4.95799731595
452	3.7665459351
453	4.09202240811
454	2.8638130243
455	2.98449095366
456	1.09591876153
457	0.0467488178746
458	0.563139090736
459	1.15474492036
460	1.90804881814
461	2.68
462	0.660873343286
463	1.33567323565
464	0.00474756150994
465	2.06533972237
466	1.40000010701
467	4.34771963192
468	9.20273177813e-05
469	3.16620181909
470	1.42458658097
471	2.00000000025
472	0.463198659832
473	1.95955551928e-138
474	0.583898150435
475	1.70409554136
476	2.69606743316
477	0.000383162462764
478	3.51889133232
479	2.95661706534
480	1.41230258533
481	1.96965598091
482	0.164774465229
483	1.44488563509
484	0.480334418921
485	3.4
486	3.79634
487	3.6964005053
488	3.26790640313
489	2.55902226379
490	3.92021165351
491	2.93529863668
492	4.06053064765
493	2.22849926795
494	4.91304873506
495	0.419268037325
496	3.40236042489
497	1.75764801154
498	0.66855477551
499	0.833
500	1.52791258309


input.NEnmLpas.gz

451	4.85921939145
452	3.76485105564
453	4.04985415136
454	2.85647036816
455	2.96600631006
456	1.12714412309
457	0.0348848574166
458	0.563139090736
459	1.15474492036
460	1.9435110819
461	2.68
462	0.683783719017
463	1.1875136725
464	0.00474756150994
465	2.02700933108
466	1.40000010701
467	4.34392103994
468	9.20273177813e-05
469	3.16620181909
470	1.42458658097
471	2.00000000025
472	0.463198659832
473	1.95955551928e-138
474	0.583898150435
475	1.70211897671
476	2.69316075514
477	0.000781964209719
478	3.47097541499
479	2.95661706534
480	1.41230258533
481	1.96965598091
482	0.115361885229
483	1.44464625829
484	0.480334418921
485	3.4
486	3.695498
487	3.6834094686
488	3.26662716793
489	2.55902226381
490	3.90580541581
491	2.93529863668
492	4.06053064765
493	2.22849926795
494	4.91304873506
495	0.419268037325
496	3.40236042489
497	1.78235430154
498	0.665435627598
499	0.833
500	1.52826850778


input.NENRtm.gz

451	5.83164435936
452	2.30876123161
453	0.379753035546
454	6.28914262784
455	2.66190156491
456	1.87304910392e-28
457	3.33259371492e-05
458	4.50811668946e-06
459	0.433997862399
460	1.10457578558e-05
461	1.93529800001
462	0.957256108685
463	0
464	2.76170065124e-26
465	0.000134106861968
466	0.336140000174
467	4.20294068687
468	1.29140557087e-06
469	0.00543639357682
470	0.999776086365
471	0.000547379264917
472	0.363666721367
473	0
474	0.283968487217
475	0.241361439002
476	1.10992200418
477	1.88836307172e-07
478	3.12148333859e-07
479	1.24522248408
480	2.27577217283e-05
481	2.07409091428
482	0.0195693921396
483	2.00308259475
484	1.94830579961
485	3.4
486	3.901298
487	0.47305773319
488	1.67795182717
489	1.05818002294e-29
490	0.177872100184
491	0.980797922663
492	1.31491828203
493	1.83952716571e-63
494	1.18003683935
495	2.14769706928e-08
496	1.69271329657
497	1.73013219906
498	0.980022759203
499	0.50977326743
500	0.00239611597668


input.NENRtmLpas.gz

451	5.83129851205
452	2.30876136531
453	0.379753035546
454	6.28774684476
455	2.65280783922
456	1.87304910392e-28
457	3.33259371492e-05
458	4.50811668946e-06
459	0.433997862399
460	1.10457578558e-05
461	1.93529800001
462	0.957256108685
463	0
464	2.76170065124e-26
465	0.000134106861968
466	0.336140000174
467	4.21496466273
468	1.29140557087e-06
469	0.00543639357682
470	0.993844106136
471	0.000383166780876
472	0.364853136989
473	0
474	0.283968487217
475	0.239668894646
476	1.1037349488
477	1.88836307172e-07
478	3.12148333859e-07
479	1.24522248408
480	2.27577217283e-05
481	2.07409091428
482	0.0195693921396
483	1.84976159475
484	1.94830579961
485	3.4
486	3.901298
487	0.415530376319
488	1.67795182717
489	1.05818002294e-29
490	0.177872100184
491	0.980797922663
492	1.30973257737
493	2.62789595101e-63
494	1.19331094182
495	2.14769706928e-08
496	1.69259600194
497	1.73013219906
498	0.980022759203
499	0.503841287201
500	0.00239611597668


input.NEtm.gz

451	5.81003535461
452	2.56803498209
453	0.369062227745
454	6.41934857801
455	2.80526781399
456	2.05005147036e-11
457	9.20114327547e-05
458	1.33610707611e-05
459	0.457654907673
460	0.000798234637674
461	2.03614
462	0.99052455181
463	0
464	3.24911319918e-27
465	9.38748033769e-05
466	0.980000000174
467	4.19701077615
468	1.31006796592e-06
469	0.00465266216232
470	1.00825027218
471	0.00111709384405
472	0.277429993532
473	0
474	0.291036569977
475	0.137403346239
476	1.47689745171
477	2.13106084254e-06
478	4.46032785646e-07
479	0.985410956611
480	2.653846722e-06
481	1.81483046711
482	0.08150528953
483	2.07531952464
484	1.97850709024
485	3.4
486	3.901298
487	0.454232852617
488	1.77145040525
489	3.19853980038e-38
490	0.177323951779
491	0.980797922663
492	1.47027017188
493	1.83952716571e-63
494	1.16650770502
495	2.9759200917e-10
496	1.65746363159
497	1.73023410686
498	0.980002727361
499	0.71977326743
500	0.00339801610087


input.NRKlm.gz

451	4.51390178065
452	3.70616107263
453	3.27294765991
454	1.13284403356
455	2.5064952224
456	2.00036756228
457	1.24855986673
458	0.701233999299
459	2.97008931438
460	0.172479755745
461	2.14807
462	0.009020425408
463	3.50232666509
464	2.25393402907e-05
465	3.41757397428
466	2.117649
467	4.86803983839
468	0.0812711715597
469	4.86023275528
470	0.377644540795
471	2.01010552379
472	1.04184418542
473	0
474	0.00888202796407
475	1.82274666195
476	1.07250592901
477	0.013564461457
478	2.28322463099
479	0.905827681862
480	0.547666785277
481	0.696315112769
482	0.0568860319473
483	0.438483329529
484	0.400648473661
485	3.4
486	3.8307086
487	3.74245923111
488	0.021877581708
489	0.696930884152
490	1.98771532401
491	1.68055854659
492	4.72140455387
493	3.79847490189
494	4.11319001698
495	0.00111710001278
496	3.98480092501
497	0.00333146973755
498	0.0654796405677
499	0.344139889519
500	0.72361668802


input.NRKprf20.gz

451	4.65165575255
452	3.68598766145
453	2.63098630967
454	0.830363894646
455	1.70917033886
456	3.09287543562
457	0.771536267768
458	1.92982141041
459	3.22967808256
460	0.231697322634
461	2.4
462	0.00428042783848
463	3.09735748767
464	7.62699048705e-52
465	3.48968721205
466	1.56807
467	4.84572880493
468	5.33403559744e-06
469	4.86023275528
470	0.341092152336
471	2.00000090972
472	1.80365090864
473	0
474	0.0874275496069
475	2.79349572081
476	1.35499211776
477	4.50786805814e-05
478	3.1785611892
479	1.33145658299
480	0.11764963673
481	0.461720448936
482	0.028262986973
483	0.516009510932
484	0.0143998335936
485	2.38
486	3.75059402
487	3.62225655425
488	0.505201988846
489	0.734845985049
490	2.40604229544
491	1.98052774899
492	4.7425548257
493	3.76848569685
494	3.52991889757
495	0.0743193201407
496	2.08087375064
497	1.00019699305
498	0.350993085295
499	0.208423607
500	0.758551148797


input.NRKse10.gz

451	4.56094926902
452	1.18582035509
453	3.53774058021
454	3.20054853065
455	2.53742107283
456	0.975652052676
457	1.00361404637
458	0.409419947391
459	2.44962849776
460	0.122712682665
461	1.85407
462	0.00414787163805
463	4.1000134819
464	1.11376677223e-18
465	4.17969235251
466	1.56807
467	4.84607608409
468	0.00326455869759
469	4.86020010701
470	0.013744603676
471	2.00242633626
472	1.01007221637
473	0
474	1.31607596442e-05
475	0.037257347892
476	1.05242606795
477	3.7124231842e-06
478	2.04843218753
479	1.50692311293
480	0.45619079233
481	0.500632876664
482	0.403368636682
483	0.403191281737
484	0.00113994195192
485	3.4
486	3.901298
487	3.6978439717
488	0.0408921644461
489	1.71044494281
490	1.91275784854
491	1.89167706398
492	4.83897663588
493	3.27736250735
494	3.13445679947
495	0.68600011003
496	3.82770130041
497	0.000761171387756
498	0.00664789594888
499	0.49474756151
500	0.171434915822


input.NRKse20.gz

451	4.68179474343
452	0.289673720234
453	3.5355367161
454	1.34594823666
455	2.1262801083
456	0.822778665023
457	0.00233466058858
458	0.397441420938
459	0.871916181075
460	5.47445958704e-05
461	1.7683543
462	0.173656826001
463	3.8973646628
464	0.0808386387247
465	4.44530351503
466	1.56807
467	4.84607608392
468	0.000269513073229
469	4.00214
470	0.013744603676
471	2.028638507
472	1.68604599865
473	0
474	0.000134252473012
475	0.309014524739
476	1.05267342384
477	1.04866766335e-07
478	2.14017573758e-08
479	1.50201536086
480	0.9805243
481	0.564325709807
482	1.33614
483	0.500861091627
484	3.40434168241e-14
485	3.30913342406e-13
486	3.901298
487	3.86311297146
488	0.000274324153979
489	2.04300042108
490	0.000781964209717
491	1.89027925204
492	4.8098555588
493	3.28285557153
494	2.74362702558
495	0.686030270334
496	3.82770130041
497	0.000761172854519
498	5.30346209708e-06
499	0.34774756151
500	0.0577862561475


input.pir0Watd.gz

451	1.6840030963
452	1.00340415205
453	2.69787313077
454	4.65254463448
455	4.105664979
456	1.48781565028e-20
457	0.963807080029
458	0.545491745979
459	0.0375275769364
460	0.0198896926168
461	0.228076856507
462	0.0133136885539
463	4.18681255423
464	2.83398664529
465	5.53850591557
466	0.980000012589
467	0.232388135798
468	1.37447179536e-09
469	4.87495501044
470	2.24076474449
471	2.0
472	1.45417998359
473	6.19665573693e-99
474	2.13506903904e-31
475	0.519046212058
476	0.94968040393
477	1.81908736026e-06
478	1.23417390862
479	2.21972186538
480	2.19003219915
481	2.34854818349
482	0.241728466133
483	0.761794368787
484	1.70474883558
485	0.0470603764834
486	1.50288737495
487	2.17255127692
488	0.152010727017
489	0.197702997645
490	3.84033932439
491	2.8815346325
492	4.63405999484
493	1.43163459441
494	3.52426208617
495	1.4892432554
496	0.676556550992
497	1.00000010308
498	0.451380506613
499	0.0920432010407
500	0.460649206519


input.pir0Wt1.gz

451	3.64382124659
452	2.43336172168
453	1.41063678356
454	1.62793646071
455	2.51619702173
456	0
457	0.138424181844
458	5.38732191184e-74
459	0.32192185366
460	0.0210353811825
461	0.18913515893
462	2.01949895269
463	0
464	0
465	0.000562207389768
466	0.980000311973
467	0.237320243755
468	3.62588690327e-11
469	4.86020000051
470	2.00019160692
471	0.4802
472	0.0879813623438
473	0
474	0
475	0
476	0.182967197107
477	1.0629685111e-40
478	6.23946964569e-07
479	2.15826733232
480	0.168229587166
481	2.27329207311
482	0.00335549211453
483	2.18071581905
484	1.92370777499
485	3.4
486	1.18684874981
487	0
488	0.0201755034445
489	0.0320442025239
490	3.85639095059
491	0.24037369611
492	5.22160786279
493	1.9952628763e-24
494	0.873856360844
495	1.41363138187
496	0.824744230441
497	0.240100361781
498	0.391375113061
499	0.496782230728
500	0.400649814217


input.pir0Wtd2.gz

451	0.887293770214
452	3.94774975834
453	2.62833082032
454	4.73941697978
455	4.10220102465
456	6.79833937599e-58
457	0.240509803291
458	0.570902578127
459	1.19539058022
460	1.40714063441e-06
461	0.228076856507
462	0.00523220002189
463	3.5883783859
464	2.98911973752
465	0.7
466	0.16470860006
467	0.574158591731
468	1.37982411452e-17
469	5.06684392235
470	2.00710191738
471	2.0
472	4.44955902893e-11
473	1.06525056734e-154
474	5.27465105335e-15
475	0.558976821757
476	0.949746340374
477	4.36762875198e-07
478	2.44297982115
479	2.25312679327
480	2.230353607
481	2.31995538751
482	0.660398992932
483	0.721606789882
484	1.70504738275
485	0.0230595844769
486	1.50393584533
487	2.0281350509
488	0.0223220211408
489	0.0868519395596
490	3.323450023
491	3.0896265904
492	4.89617642483
493	2.24214885571
494	1.99014342595
495	2.39794154628
496	0.534377307464
497	1.00000000916
498	2.67022795104
499	0.085677593057
500	0.172817599683


input.pir0WTTD.gz

451	0.401202117506
452	3.73409116537
453	3.93969717185
454	4.32918915694
455	1.43843726195
456	7.04837759129e-67
457	1.00019158228
458	0.000140689137945
459	0.198450483483
460	0.00016918450966
461	0.278693913453
462	0.61144709638
463	0.768691010515
464	1.80085590413
465	0.0823543000002
466	0.39378801
467	0.267827890153
468	2.26320806526e-15
469	3.02327288415
470	0.0564950591623
471	0.00325682719582
472	1.49604113092
473	2.03162661454e-147
474	3.67068137388e-08
475	0.0034171678982
476	0.0164711443584
477	8.91352806527e-07
478	0.915369907801
479	1.31782942885
480	1.04330345567
481	1.34425085414
482	1.05229413974e-07
483	1.44848071297
484	0.000182636265471
485	0.0112991963937
486	0.0281971615895
487	1.00790975637
488	0.383355481949
489	1.42370723974
490	2.45333170786
491	0.0810047062004
492	2.91882934538
493	2.38576614675
494	1.8883688175
495	1.78850228351
496	0.00570848284052
497	0.0403573960911
498	0.00159584605908
499	3.78818692273e-06
500	0.0880175729998


input.PuLongAuth.gz

451	3.79634379115
452	2.28235765256
453	2.31559393245
454	5.34673630831
455	3.21825525589
456	0
457	0.704756577546
458	3.62373845077e-67
459	0.0265692875379
460	1.58999810492
461	1.03627410686
462	1.04313411567
463	1.81103065274
464	3.78818692266e-06
465	0.171490830728
466	1.4
467	0.0405276060586
468	1.71766909122e-14
469	1.39668401341e-24
470	0.2401
471	3.71242559607e-06
472	0.343000316293
473	0
474	1.39039219498e-13
475	4.40197694547e-10
476	1.73060391625
477	0.00227977903736
478	0.700613307453
479	1.81110411331
480	1.56357229191e-62
481	1.03677930838e-09
482	0.49517126743
483	0.425542051088
484	2.25393402907e-05
485	2.39077000282e-11
486	1.28149664395
487	3.7306138994
488	0.00792212024703
489	0.0853305932145
490	0.578204661385
491	7.57637384531e-06
492	1.53900353973
493	1.82734995273e-18
494	4.56494998974
495	2.78836606329
496	1.2201
497	0.95987326743
498	4.50786805814e-05
499	2.62789595101e-63
500	1.40544568503


input.PuLongBase.gz

451	3.79634773116
452	2.28235775322
453	2.3562343011
454	5.35862836667
455	2.90386382655
456	0
457	0.700055022225
458	1.82022120143e-66
459	0.0379502153203
460	1.59373235374
461	1.03633158123
462	1.19004600747
463	2.57581563328
464	7.73099371971e-06
465	0.171490830728
466	1.4
467	0.238627027808
468	5.15097472829e-14
469	4.3376549481e-20
470	0.7
471	2.20885605166e-05
472	0.343000316321
473	0
474	1.39039219498e-13
475	7.01399371067e-10
476	1.76127055419
477	0.0032568271964
478	0.700003129053
479	1.81129842175
480	3.29342187275e-60
481	6.16873510933e-09
482	0.6065455249
483	1.19325687963
484	1.10442767424e-05
485	2.81271700062e-12
486	1.83070949135
487	3.63063436861
488	0.117840581231
489	0.157195552845
490	0.578212458387
491	1.08233912076e-05
492	1.62300589336
493	7.0643193009e-23
494	4.64153811644
495	2.8763167533
496	1.2201
497	0.4536018249
498	0.000131424724727
499	1.32901451938e-61
500	1.36344949415


input.PuLongWAuth.gz

451	3.79634773124
452	2.28235775322
453	2.3143757549
454	5.3467409469
455	2.90385706474
456	0
457	0.701637540844
458	1.82022120143e-66
459	0.0379502153203
460	1.58151488041
461	1.03627410686
462	1.19004605109
463	2.57581389109
464	5.4116956038e-06
465	0.171490830728
466	1.4
467	0.238278397307
468	3.74887543103e-14
469	4.3376549481e-20
470	0.2401
471	1.08233982393e-05
472	0.343000316312
473	0
474	1.39039219498e-13
475	4.99765494539e-10
476	1.73060584823
477	0.00227977903765
478	0.700001937422
479	1.81109971202
480	3.29342187275e-60
481	4.31811458045e-09
482	0.59807126743
483	0.835279797022
484	1.10442767424e-05
485	1.67353900197e-11
486	1.83070987336
487	3.63063436861
488	0.041151529663
489	0.110036886991
490	0.578212515307
491	1.08233912076e-05
492	1.62300551135
493	7.0643193009e-23
494	4.56666079343
495	2.87630840159
496	1.2201
497	0.4288955349
498	0.000131424724727
499	1.32901451938e-61
500	1.36344593867


input.PuShortAuth.gz

451	0.117758913559
452	3.68003225149
453	2.81586044791
454	5.94349332998
455	1.4336018249
456	0.000782276183199
457	1.20198027022
458	3.6705056523e-08
459	0.0120186702426
460	1.57619592077
461	1.03627410686
462	0.70232630514
463	0
464	0
465	9.55008107999e-06
466	1.4
467	0.0916387012855
468	2.45381298746e-14
469	1.39668401341e-24
470	0.343000152952
471	1.49824016553e-07
472	0.00972110009827
473	0
474	7.59263222216e-41
475	8.98362641933e-10
476	1.74325124106
477	8.93265588305e-42
478	0.343022088566
479	0.597753516369
480	0
481	1.39039219498e-13
482	0.489239287201
483	0.25370956583
484	1.0
485	2.66438365372e-38
486	1.83097681372
487	0
488	0.000111711016018
489	0.019818346114
490	0.481556559933
491	0
492	1.98019158123
493	1.76252482298e-09
494	3.94620254713
495	0.49
496	2.71497202852
497	1.357749
498	0.000547374946802
499	2.81203010865e-70
500	1.38638797474


input.PuShortBase.gz

451	0.491768467915
452	3.68004605109
453	3.23296325664
454	5.92073608723
455	1.3916011319
456	0.00665431710764
457	1.41224732216
458	3.21991197383e-05
459	0.0206283343743
460	1.58056843084
461	1.03633158123
462	0.700093874803
463	0
464	0
465	0.000808746054252
466	1.4
467	0.426983419764
468	5.12325051323e-14
469	4.3376549481e-20
470	1.00000185694
471	4.50787010819e-05
472	0.70233194954
473	0
474	5.12630076274e-32
475	1.43142728789e-09
476	1.78706762429
477	1.82299099654e-41
478	0.028248798267
479	0.732082060333
480	0
481	1.68830552258e-12
482	0.59807126743
483	0.321354588947
484	1.0
485	2.76237783977e-47
486	3.63757777904
487	0
488	0.000590744921641
489	0.0403986856876
490	0.482968752471
491	0
492	1.98019158123
493	3.05739057632e-08
494	4.68883862392
495	0.49
496	2.87036566467
497	1.21107
498	0.00111709172817
499	1.42213729653e-68
500	1.35227863846


input.ric9dpn.gz

451	3.81771671095
452	4.25090116768
453	3.01211769484
454	6.18160954728
455	2.74312794552
456	2.50651092938e-76
457	0.825549271358
458	0.131231811183
459	2.74993808058
460	0.490152963993
461	2.38627368747
462	0.622937345063
463	4.3428740193
464	0.383354144048
465	0.768742148685
466	1.4
467	2.56223969559
468	0.00674110112292
469	4.8602
470	2.33764982683
471	2.00001104428
472	1.05129208729
473	1.01363715908e-33
474	3.15556024819e-06
475	0.164073272126
476	2.83899956033
477	3.97254912852e-13
478	2.83638000634
479	2.80831193792
480	1.00566274089
481	2.65576388832
482	0.518247525151
483	2.64428772445
484	0.648348508791
485	3.4
486	4.8602
487	2.42402449277
488	0.208002565273
489	1.82743286508
490	3.17890865475
491	2.41937780208
492	4.31382309938
493	2.20523276521
494	3.68376065568
495	2.81143744203
496	3.00107765285
497	0.0578434232771
498	1.3497017136
499	1.00000021838
500	0.252109967365


input.ric9dpx.gz

451	3.81644392426
452	4.2883014505
453	2.64573255065
454	5.63123973631
455	2.2712081257
456	0
457	0.120387389417
458	6.0697750541e-05
459	0.151647926002
460	0.00338598336921
461	1.8232938748
462	0.356137558136
463	1.73081938463
464	0.496782501562
465	0.343000000001
466	0.235298
467	0.579544818299
468	3.15593949273e-05
469	4.08678196421
470	2.26183422516
471	2.0
472	2.89462549834
473	0
474	1.12214933353e-14
475	0.638924269358
476	1.81397614186
477	6.92222637452e-23
478	3.18665529942
479	3.10868643781
480	1.01548829933
481	3.1436550349
482	0.0404852531297
483	2.69459771679
484	0.0799054458332
485	0.196003234
486	2.796847214
487	1.55384464672
488	0.124822632104
489	1.66680087719
490	4.12876187521
491	2.2232
492	4.40525896717
493	1.40033940033
494	5.01237398587
495	3.11434820639
496	1.54241547482
497	1.00027499033
498	0.747955954334
499	0.343065712362
500	0.241336434037


input.ric9dpxL.gz

451	3.81644392426
452	4.2883014505
453	1.76288280313
454	5.63123973631
455	2.2712081257
456	0
457	0.120387389417
458	6.0697750541e-05
459	0.151647926002
460	0.00338598336921
461	1.8232938748
462	0.356137558136
463	1.73081938463
464	0.496782501562
465	0.343000000001
466	0.235298
467	0.579544818299
468	3.15593949273e-05
469	4.08678196421
470	2.26183422516
471	2.0
472	2.89462549834
473	0
474	1.12214933353e-14
475	0.638924269358
476	1.81397614186
477	6.92222637452e-23
478	3.18665529942
479	3.10868643781
480	1.01548829933
481	3.1436550349
482	0.0404852531297
483	2.69459771679
484	0.0799054458332
485	0.196003234
486	2.796847214
487	1.55384464672
488	0.124822632104
489	1.66680087719
490	4.12876187521
491	2.2232
492	4.40525896717
493	1.40033940033
494	5.01237398587
495	3.11434820639
496	1.54241547482
497	1.00027499033
498	0.747955954334
499	0.343065712362
500	0.241336434037


input.ric9dsx.gz

451	3.88286976527
452	4.42038532553
453	3.12818202233
454	5.65737276585
455	3.69960896316
456	0
457	0.0108374263701
458	0.000234963113965
459	0.218555480553
460	0.0115175681962
461	2.03614773099
462	0.481072421814
463	0.80811075836
464	0.491139920819
465	0.343003302508
466	0.0807072140034
467	1.04540835963
468	6.24672710746e-07
469	0.00418736667894
470	2.22125780062
471	2.0
472	2.1057206955
473	0
474	9.84450950628e-13
475	0.959668814676
476	2.31422166333
477	4.10010290314e-11
478	3.49732242646
479	3.11629243338
480	0.702097399352
481	3.12120332122
482	0.235314489165
483	3.31350041015
484	0.576427906978
485	0.4000066
486	3.3309086
487	1.63213372453
488	0.430588502956
489	1.71955812753
490	4.08124242424
491	2.24674658611
492	3.78056675241
493	1.32019449372e-15
494	5.42850498141
495	3.71364514305
496	2.00220807648
497	1.00027436098
498	1.01625544348
499	0.65807
500	0.490282081089


input.ric9tpx.gz

451	4.36747203327
452	3.14438960975
453	5.34322717323
454	6.18476185224
455	3.47531787758
456	5.26908367219e-19
457	0.169221163725
458	0.000112049685441
459	0.0106360458436
460	1.31728264303
461	1.97352329306
462	0.76507579834
463	2.02727431817e-33
464	0
465	0.000395925460346
466	0.33614
467	1.57615246213
468	1.54619880187e-05
469	2.57182116246
470	0.855609822299
471	0.03954653486
472	1.52417200947
473	0
474	0
475	0.331138818968
476	0.581419188771
477	1.92905275774e-70
478	3.7027903494e-30
479	1.92263092601
480	2.58086210989e-19
481	3.34292196518
482	0.348130724328
483	9.90400485018e-49
484	4.85154275464e-12
485	1.666
486	3.095498
487	0
488	0.0351918073824
489	0.0823789554821
490	4.1106284266
491	6.68505675599e-06
492	5.38434008338
493	1.08723795353e-95
494	5.47755251481
495	4.8713946573
496	1.31942657467
497	1.362807907
498	0.337000038997
499	0.000423181162485
500	0.354530211248


input.rmitNFGweb.gz

451	3.95258134165
452	0.179820193457
453	1.33579090244
454	0.0569736460503
455	2.07355861526e-09
456	0
457	1.74251498234e-10
458	0.040353607
459	0.293743932663
460	0
461	1.803649
462	2.07800833563e-44
463	1.63892110092
464	0
465	3.55615302518e-10
466	2.0
467	4.01587255474
468	1.08233912078e-05
469	4.50786805977e-05
470	0
471	1.8646122398e-17
472	1.15022934246e-25
473	0
474	0
475	0.178553845894
476	0.24242630514
477	0.0395465355857
478	2.7808922711e-13
479	0.262037689894
480	1.72685412927e-146
481	3.78818692266e-06
482	4.1274950889e-57
483	0.168261581231
484	0.7
485	2.6285378647e-05
486	2.00227142472
487	0.19649061816
488	0.0197843296914
489	3.72359991365e-12
490	6.81292175541e-14
491	8.73327655826e-145
492	1.41573081549e-57
493	6.11430695539e-05
494	1.77288314883
495	0
496	1.75795635408
497	1.04035739519
498	1.12214680424e-14
499	0.00232630513987
500	5.30354921827e-07


input.rmitNFLweb.gz

451	3.94874175631
452	0.184998013057
453	1.33579090244
454	1.00549101829
455	6.04536039435e-09
456	0
457	1.74251498234e-10
458	0.040353607
459	2.29009552593e-14
460	0
461	1.803649
462	8.93265588308e-42
463	1.63892110092
464	0
465	3.55615302518e-10
466	2.0
467	4.22166956872
468	1.08233912078e-05
469	0.000187749608441
470	0
471	2.19370257554e-18
472	9.47263323375e-27
473	0
474	0
475	0.178555476951
476	0.24242630514
477	0.0395465369759
478	2.7808922711e-13
479	0.262037300077
480	1.78230133842e-144
481	3.78818692266e-06
482	3.99908914623e-59
483	0.240291581231
484	0.7
485	3.75505409243e-05
486	2.00220439812
487	0.19649061816
488	0.0197813103972
489	3.72359991365e-12
490	7.52437932914e-19
491	1.51493114129e-143
492	1.61377671765e-60
493	6.11430695539e-05
494	1.77288314883
495	0
496	1.75795635408
497	1.04035739519
498	7.8550276297e-15
499	4.59986536545e-05
500	1.43710272974e-07


input.rmitWFGweb.gz

451	2.01977326743
452	2.10314196712e-23
453	0.0564951358928
454	1.11537349013e-05
455	0
456	0
457	0
458	1.17649110328e-80
459	6.93708099598e-58
460	0
461	0.33614
462	0
463	0.23597847683
464	0
465	2.52325419479e-43
466	0
467	0.0200469549034
468	0
469	1.73095237763e-43
470	0
471	4.62068072804e-16
472	2.46693215695e-67
473	0
474	7.42315572453e-65
475	0.00162886386168
476	0
477	0
478	1.15022937201e-25
479	8.85235703693e-20
480	0
481	5.46078455385e-28
482	0
483	2.61605773706e-52
484	1.68070157612e-80
485	0
486	3.15550862513e-05
487	1.18181386581e-12
488	7.52437932914e-19
489	4.6625944612e-38
490	1.51852644443e-40
491	0
492	4.35728783931e-110
493	1.10442767424e-05
494	0.185319837838
495	1.25892552985e-08
496	0.00162932314159
497	5.42968032235e-06
498	0
499	2.41186503226e-12
500	1.65250205824e-36


input.rmitWFLweb.gz

451	2.25987697985
452	0.0324899465213
453	0.224772728944
454	0.903026057373
455	0
456	0
457	2.58086453017e-98
458	0.49
459	0.000390982104858
460	0
461	1.33614
462	8.61577369194e-33
463	0.408137901277
464	0
465	1.14504775943e-14
466	2.0
467	2.51496360266
468	1.81908736026e-06
469	3.7124231842e-06
470	0
471	2.66373048817e-17
472	1.9952628763e-24
473	0
474	0
475	0.00162886274456
476	7.49048330965e-08
477	3.55615302518e-10
478	2.04669013765e-17
479	0.281023197141
480	0
481	4.64159028454e-27
482	9.51550782382e-117
483	3.44552147465e-12
484	0.000390982104858
485	6.75333351848e-13
486	6.07271692734e-20
487	0.343127520416
488	1.58489348972e-16
489	4.6625944612e-38
490	7.52437932914e-19
491	0
492	1.00000093778e-79
493	1.10442767425e-05
494	0.185988342579
495	0
496	1.40162945593
497	1.00000542968
498	2.08294190608e-20
499	3.44552147465e-12
500	1.1094254428e-16


input.Sab9web1.gz

451	5.38000266482
452	4.08817007387
453	0.147605565846
454	4.14435611892
455	0.832103383515
456	3.71242323189e-06
457	0.363343816769
458	0.000615736908251
459	2.94732413965
460	1.98951656515e-13
461	1.81529602
462	2.49069256212
463	0
464	0
465	0.00232721082504
466	1.4
467	3.78596398315
468	1.45151439901e-09
469	0.000268213733803
470	0.00558313251052
471	0.0807072183181
472	0.240100052433
473	0
474	0
475	3.04328069004e-20
476	1.23532324815
477	6.26770741442e-18
478	0.000139873457115
479	0.668097541663
480	1.4878156472e-20
481	1.62401334594
482	0.0403536429994
483	1.84438784883e-06
484	2.02234262552
485	1.2879835537e-05
486	2.5868486
487	0
488	0.632658571519
489	0.000897791665826
490	0.227474209772
491	1.31113437138e-28
492	2.54373122105
493	0.000390994442329
494	5.27870711699
495	2.26413355674e-16
496	3.69053667334
497	3.92756559027e-05
498	0.98
499	0.000590744921641
500	0.106924703823


input.Sab9web2.gz

451	5.09699209607
452	4.4762213988
453	4.63519654363
454	5.24183194707
455	1.51676449915
456	0.500107392362
457	0.384039663246
458	0.0235301887916
459	4.93432127564
460	0.892553731136
461	2.03614
462	1.00094953678
463	2.37114056846
464	1.00056062046
465	2.41214580147
466	2.00000000012
467	3.98245040703
468	9.26339878864e-05
469	1.41233344792
470	0.0476477350369
471	0.993975394063
472	0.980587713911
473	0
474	2.93874419774e-81
475	0.236475961928
476	1.53968496714
477	0.000781964209717
478	3.40789011671
479	2.09062035147
480	0.343
481	1.32570060784
482	0.0403536433249
483	1.61320265219
484	0.0404257361381
485	0.0055366062329
486	3.33059402
487	2.82976854069
488	1.54529628062
489	0.230684514989
490	2.87123737762
491	2.56254162953
492	4.27467183565
493	3.38059457382
494	5.6879235599
495	0.0276936217014
496	4.35585853342
497	0.0503483945717
498	0.488338699256
499	0.490797922663
500	1.33978375593


input.Sab9web3.gz

451	4.6997942976
452	4.46986861817
453	4.81056907014
454	5.62137557562
455	2.12236551879
456	0.0280735565103
457	0.337291643033
458	1.7076886318e-05
459	4.81157814123
460	1.85876900218
461	2.03614
462	1.04149394224
463	2.25970750521
464	1.01385254986
465	2.57753787631
466	2.0
467	3.18648550704
468	0.000270069935525
469	1.60505305758
470	0.038191937446
471	0.999789044968
472	1.02720186334
473	0
474	1.68085935165e-80
475	0.185789009495
476	3.07313757893
477	0.000547374946802
478	3.37928020751
479	2.24256856253
480	0.49
481	1.1156836878
482	0.0823651235132
483	1.25722640228
484	0.0138558987797
485	0.00790943747557
486	3.002005214
487	3.52979755248
488	1.5276643255
489	0.223280991307
490	3.05847241343
491	2.78101603287
492	4.31078752085
493	3.36955741646
494	5.75226411928
495	0.0395623123982
496	4.25293771964
497	0.874868008267
498	0.729303455672
499	0.490191581231
500	1.84057651652


input.Sab9web4.gz

451	5.09699209607
452	4.95494768784
453	4.62577380115
454	5.24183023664
455	1.67420291223
456	0.538645969488
457	0.45414597063
458	0.322486039265
459	4.84338912328
460	0.952169635384
461	2.03614
462	1.00530626024
463	2.37113943201
464	0.49332336847
465	2.41000550554
466	2.00000000006
467	3.98224341771
468	9.26339878864e-05
469	1.40972428781
470	0.0419063068368
471	1.00831323726
472	0.955569701695
473	0
474	2.33683435353e-93
475	0.19516434791
476	1.43585396033
477	0.000547374946802
478	3.40789011671
479	2.09062035147
480	0.49000000001
481	1.42859774872
482	0.0403536430547
483	1.61355482756
484	0.0404405445774
485	0.00790943747557
486	2.96600462
487	2.82976854069
488	1.54523588983
489	0.310933408099
490	2.83168922468
491	2.56748296679
492	3.84068697728
493	3.37991966656
494	5.66764480558
495	0.0276936186822
496	4.35585853881
497	0.0546180753634
498	0.481225904328
499	0.491139889519
500	1.33619260909


input.Sab9web5.gz

451	4.18002383057
452	4.43335497915
453	4.61489461011
454	5.24180852201
455	0.549720860353
456	0.169502172813
457	0.384039663246
458	0.0235301887916
459	4.93432127564
460	0.892553731136
461	1.52614
462	1.00094953678
463	0.244506124696
464	1.70039120049
465	1.32019892337
466	2.00000000006
467	2.7856806157
468	9.2633987886e-05
469	1.41233344792
470	0.0476477350369
471	0.993975394063
472	0.27168186224
473	0
474	2.93874419774e-81
475	0.165533202142
476	1.53968487091
477	2.59869622894e-06
478	3.40789011671
479	2.09062035147
480	0.343
481	1.32570060784
482	0.00162841972866
483	1.61320265219
484	0.0198086107077
485	0.0055366062329
486	3.33059402
487	2.82970774765
488	1.08209549852
489	0.230684514989
490	2.87123737762
491	2.54077914315
492	2.55972347393
493	1.83364372501
494	5.6879235599
495	0.0276936217014
496	4.35585853342
497	0.0503483945717
498	0.341837089479
499	0.00345739991893
500	1.33978375593


input.Scai9Web1.gz

451	0.293663820245
452	1.35443847292
453	0.491901241004
454	4.34657727834
455	3.78818692266e-06
456	0
457	0.0145012663599
458	0.141180792838
459	1.40969297441
460	1.82533568599
461	0.00707568573718
462	2.56923577521e-08
463	1.0719909585
464	0.00474756150995
465	0.0576480624334
466	0.686
467	3.59129975841
468	1.76249574179e-08
469	2.9854600988
470	3.09745070293
471	0.000131424724727
472	1.32532641215
473	0
474	8.97317713927e-53
475	0.0561735578839
476	2.69969118363
477	4.42719495181e-119
478	1.94654907333e-13
479	1.9835351948
480	2.8375358292e-13
481	5.1147732203e-10
482	0.000131450477432
483	1.76847256818e-08
484	1.16475748614
485	9.01588487592e-06
486	0.115483843013
487	1.29730492461
488	3.21990575581e-05
489	0.096477971743
490	5.78130360651e-06
491	1.40000000025
492	0.482479779037
493	6.81292175885e-14
494	3.84161001049
495	1.0933125407
496	1.60403938883
497	1.45834753749
498	3.00264663553e-42
499	0.700000218381
500	0.29294871473


input.Scai9Web2.gz

451	0.241088618451
452	1.94874582556
453	7.11230605035e-10
454	4.33901848323
455	9.56680890878e-20
456	0
457	0.0145012663599
458	0.141180792838
459	2.00556287555
460	1.82533568599
461	0.00707568573718
462	2.56923577521e-08
463	2.0817918079
464	0.0138412872018
465	4.79062766055e-25
466	0.686
467	3.59420642872
468	8.91352806528e-07
469	2.73271924422
470	3.09745070293
471	0.000131424724727
472	1.32532641215
473	0
474	8.97317713927e-53
475	0.0805634850262
476	2.69971030744
477	4.42719495181e-119
478	1.94654907333e-13
479	1.53577727528
480	2.8375358292e-13
481	5.1147732203e-10
482	0.000131450477432
483	1.76847256818e-08
484	0.739547211507
485	9.01588487592e-06
486	0.001118923153
487	1.29730492461
488	3.21990575581e-05
489	0.096477971743
490	5.78130360651e-06
491	1.4
492	0.00949512301989
493	6.81292175885e-14
494	3.84161001049
495	1.08577842928
496	1.60403938883
497	1.95394129979
498	3.00264663553e-42
499	0.700000218381
500	0.29294871473


input.Scai9Web4.gz

451	0.294632157713
452	1.8634367532
453	0.0276838823
454	4.34392498522
455	9.56680890878e-20
456	0
457	0.0145012663599
458	0.141180792838
459	1.40687273756
460	1.82533568599
461	0.00707568573718
462	2.56923577521e-08
463	1.0719918079
464	0.0138412872011
465	0.00332329305737
466	0.686
467	3.65081932295
468	3.05734012639e-07
469	3.24885960109
470	3.09745070293
471	0.000131424724727
472	1.32532641215
473	0
474	8.97317713927e-53
475	0.0390916938846
476	2.69971030582
477	4.42719495181e-119
478	1.94654907333e-13
479	1.93819767246
480	2.8375358292e-13
481	5.1147732203e-10
482	0.000131450477432
483	1.76847256818e-08
484	1.05651900401
485	9.01588487592e-06
486	0.0279509379356
487	1.29730492461
488	3.21990575581e-05
489	0.096477971743
490	5.78130360651e-06
491	1.4
492	0.164711198696
493	6.81292175885e-14
494	3.84161001049
495	1.09402390138
496	1.60403938883
497	1.4583475616
498	3.00264663553e-42
499	0.700000218381
500	0.29294871473


input.tnout9f1.gz

451	4.27463975334
452	3.8557660129
453	4.13033899591
454	1.49095664965
455	2.47648625668
456	0.000551163133724
457	1.18506593437
458	0.730375048918
459	3.62141598012
460	0.146106484415
461	2.323
462	0.343001299348
463	2.49918801103
464	0
465	3.34292560946
466	2.0138412872
467	4.60024282054
468	0.0276983526659
469	3.70933992388
470	0.56587759608
471	2.24123988952
472	1.015286903
473	0
474	3.59700972e-09
475	3.31342417343
476	1.76785281929
477	0.03954653486
478	1.47710262106
479	1.13522296086
480	0.0823869498725
481	0.567567693846
482	0.135069305415
483	1.17430075403
484	0.497906579444
485	3.4
486	3.401498
487	4.0710403007
488	0.717601042819
489	2.24269189806
490	1.23449973563
491	2.40114170862
492	4.53122955423
493	2.48636348975
494	3.64499527194
495	6.98099326961e-05
496	4.14569869705
497	8.67724318093e-06
498	0.0135489206535
499	0.709688901041
500	1.26109316799


input.tnout9t2.gz

451	4.68587551336
452	1.43201350127
453	3.5101106563
454	5.24064419797
455	2.94117563834
456	2.9685861115e-123
457	0.0425766581845
458	0.0265555351182
459	0.587541586803
460	1.51792342009
461	2.38600000302
462	0.494151352716
463	0
464	0
465	5.41220363359e-06
466	1.4
467	1.34633067324
468	7.57640363788e-06
469	2.90234
470	2.16920445724
471	0.686000000006
472	0.0201128945874
473	0
474	2.31583393772e-71
475	0.0580474315588
476	1.66063173592
477	3.67905778155e-142
478	1.60525647588e-06
479	2.66056339534
480	0.00162841359792
481	0.739991333729
482	0.000192035730308
483	1.32579453535e-06
484	0.0476253269814
485	3.4
486	4.115498
487	0.0138412872012
488	0.110432968668
489	0.301342722549
490	3.04484771194
491	0.0197736528102
492	4.19948816491
493	3.26358204334e-05
494	3.5144216199
495	3.12578607406e-07
496	2.33812488914
497	1.65807000302
498	0.480215779164
499	1.7
500	0.0197808609799


input.tnout9t2lc10.gz

451	4.68587551336
452	1.43201350127
453	2.5354649563
454	5.24064419797
455	2.05882463834
456	2.9685861115e-123
457	0.0208625625104
458	0.0265555351182
459	0.587541586803
460	1.51792342009
461	2.38600000302
462	0.494151352716
463	0
464	0
465	5.41220363359e-06
466	1.4
467	1.34633067324
468	7.57640363788e-06
469	2.90234
470	1.56920445724
471	0.686000000006
472	0.0201128945874
473	0
474	2.31583393772e-71
475	0.0580474315588
476	1.66063173592
477	3.67905778155e-142
478	1.60525647588e-06
479	2.66056339534
480	0.00162841359792
481	0.739991333729
482	0.000192035730308
483	1.32579453535e-06
484	0.0476253269814
485	2.38
486	4.115498
487	0.0138412872012
488	0.110432968668
489	0.301342722549
490	3.04484771194
491	0.0197736528102
492	4.19948816491
493	3.26358204334e-05
494	3.5144216199
495	3.12578607406e-07
496	1.64328288914
497	1.65807000302
498	0.235313779164
499	1.19
500	0.0197808609799


input.tnout9t2lc50.gz

451	3.28014799617
452	0.730717618529
453	2.28020680815
454	5.24064419797
455	2.05882705477
456	2.9685861115e-123
457	1.00997590946
458	0.0265555351182
459	0.587541586803
460	1.51792342009
461	0.401015023023
462	0.346994062716
463	0
464	0
465	5.41220363359e-06
466	0.98
467	0.942446893874
468	3.40000000002
469	2.90234
470	0.538407540808
471	0.056495049802
472	0.0141809143584
473	0
474	2.31583393772e-71
475	0.12740582976
476	0.62218354416
477	3.67905778155e-142
478	1.12373183774e-06
479	2.66056339534
480	0.00162841359792
481	0.363055109332
482	6.59350668382e-05
483	9.43786189695e-07
484	0.0476253269814
485	1.666
486	1.411615814
487	0.00968890104091
488	0.705967419685
489	0.147657958678
490	3.04484771194
491	0.00968928642092
492	2.93964448689
493	3.26358204334e-05
494	2.46009515193
495	2.18805025184e-07
496	0.805266115677
497	0.812454303023
498	0.235313779164
499	1.19
500	0.0197808609799


input.tnout9t2lk50.gz

451	5.57323718037
452	0.175438538407
453	0.138244481524
454	1.12009254295
455	2.86257135613e-13
456	3.89221528519e-151
457	6.37296840144e-30
458	3.48178748439e-30
459	5.39242178351e-29
460	1.39314109844e-28
461	2.85853516045e-28
462	4.53529176247e-29
463	0
464	0
465	5.84396506646e-35
466	7.40726016056e-30
467	8.64659639725e-29
468	6.73725315891e-36
469	2.19371300555e-29
470	1.73869152296e-93
471	6.29606725142e-29
472	1.84594951811e-30
473	0
474	1.04147472963e-99
475	5.3275587881e-30
476	2.11019500702e-28
477	0
478	1.47329485828e-34
479	4.66010349088e-28
480	5.12630076276e-32
481	4.27229237527e-29
482	6.04534936344e-33
483	5.96235111147e-35
484	1.49926130772e-30
485	3.12049980389e-28
486	3.7771796182e-28
487	0
488	2.43352689126e-30
489	2.76570560769e-29
490	1.12769895758e-29
491	1.65065270373e-36
492	3.17415320191e-29
493	7.19170620883e-34
494	3.22551504154e-28
495	5.67261011093e-37
496	2.10004363442
497	2.10632113287e-30
498	1.05821479428e-29
499	1.56024990194e-28
500	1.81547567084e-30


input.UCCS1.gz

451	0
452	1.4350360161e-11
453	0.000813519437674
454	0.000134106861966
455	0
456	0
457	2.43269061026e-63
458	1.24760976692e-65
459	3.11973482285e-07
460	0.343
461	1.70766468269e-10
462	0
463	0
464	0
465	0
466	0
467	0
468	7.99817829246e-59
469	5.30346169172e-06
470	1.29854593266
471	0
472	0
473	0
474	3.23447650962e-16
475	1.05342809516e-13
476	0.00707386664982
477	0
478	8.28805675591e-09
479	0
480	0
481	6.90583065321e-47
482	0
483	2.140138093e-07
484	0
485	0
486	0
487	0
488	2.11587613802e-09
489	0.990206170437
490	2.70005620459e-50
491	0
492	0.022100871918
493	9.93364415902e-34
494	4.07096553734
495	1.52868694625e-07
496	2.37111466713
497	2.19
498	0.49
499	1.26462361978e-98
500	7.06349630053e-23


input.UCCS2.gz

451	0
452	2.05005145157e-11
453	0.000813519437674
454	0.000456181712123
455	0
456	0
457	3.47527230037e-63
458	1.24760976692e-65
459	7.73099371971e-06
460	0.343
461	0
462	0
463	0
464	0
465	0
466	0
467	0
468	0
469	5.30346169172e-06
470	1.29854593266
471	0
472	0.05764801
473	0
474	3.23447650962e-16
475	1.05342809516e-13
476	0.0047475615104
477	0
478	8.28805675591e-09
479	0
480	0
481	0.0197732674444
482	5.81709293382e-24
483	2.140138093e-07
484	0
485	0
486	0
487	0
488	8.08804819745e-116
489	0.990206170437
490	3.85722314941e-50
491	0
492	0.235298
493	9.93364415902e-34
494	4.07096553734
495	5.24333831676e-08
496	2.37111466713
497	2.19
498	7.09546011358e-34
499	1.26462361978e-98
500	4.94444741037e-23


input.UCCS3.gz

451	0
452	0
453	0
454	0
455	0
456	0
457	0
458	6.42456444456e-108
459	0
460	0
461	0
462	0
463	0
464	0
465	0
466	0
467	0
468	0
469	0
470	0
471	0
472	0
473	0
474	0
475	0
476	3.29342496125e-139
477	0
478	0
479	0
480	0
481	0
482	0
483	0
484	0
485	0
486	0
487	0
488	0
489	0
490	0
491	0
492	1.1581786746e-91
493	0
494	0
495	0
496	0
497	0
498	0
499	0
500	0


input.UCCS4.gz

451	0
452	0
453	0
454	0
455	0
456	0
457	0
458	9.17794920652e-108
459	0
460	0
461	0
462	0
463	7.32328680392e-32
464	0
465	0
466	0
467	0
468	0
469	0
470	0
471	0
472	0
473	0
474	0
475	0
476	1.898593951e-140
477	0
478	0
479	0
480	0
481	0
482	0
483	0
484	0
485	0
486	0
487	0
488	0
489	0
490	0
491	0
492	1.57775535668e-84
493	0
494	0
495	0
496	0
497	0
498	0
499	0
500	0


input.uwmt9w10g0.gz

451	3.90100918124
452	2.24117
453	1.9269212945
454	4.83654645946
455	0.935900332254
456	5.34673169554e-32
457	1.16507825776
458	0.00038715464337
459	0.329917554698
460	0.705215960363
461	2.950649
462	1.53420679704
463	0
464	3.26630603533e-11
465	0.0171648859924
466	4.978614246e-10
467	0.581467276679
468	0.494359381737
469	1.40000274952
470	3.24860852266
471	0.000383162462761
472	0.782354300002
473	5.33889334094e-52
474	4.01964617704e-48
475	2.73442365701e-17
476	2.20526832447
477	1.61760812603e-36
478	2.79602510121e-24
479	3.35652664041
480	3.38385702007e-47
481	2.88231483488
482	0.00678754303364
483	0.00439671671436
484	6.35924013988e-11
485	0.0470603764834
486	4.615298
487	2.74576531573
488	0.00032568924244
489	0.0216390284472
490	2.42637678724
491	0.0745762904885
492	3.66706697975
493	4.02672806848e-125
494	3.74017601671
495	2.93888852162
496	2.00309767001
497	1.61615487454
498	1.4
499	1.00000000212
500	0.461462700201


input.uwmt9w10g1.gz

451	4.48849478553
452	2.53632867537
453	0.962236526381
454	5.40081284123
455	2.95832888751
456	0
457	7.76824016148e-07
458	0.1303751184
459	0.0823248120589
460	0.000393640004439
461	1.44581801
462	0.871395035425
463	3.92060359862
464	2.83149114226
465	0.517856023234
466	4.82373007939e-12
467	0.586153649111
468	1.71727761953
469	5.35300279959
470	2.0
471	0.98
472	1.05812346413
473	6.39561690209e-18
474	0.0576480102782
475	0.7
476	1.70963235508
477	0.00227977903707
478	2.13846942042
479	2.54879836554
480	2.25393403881e-05
481	2.27656953723
482	0.0137922483143
483	1.16024510484
484	8.77478284868e-42
485	1.57103144753e-15
486	0.542985194402
487	1.34311440247
488	0.11660235912
489	0.710833622257
490	2.76953848848
491	1.6401
492	2.34366466959
493	0.0807098657325
494	3.99527087458
495	1.60978128798
496	0.521065812331
497	0.0197959168142
498	0.061862079531
499	0.49
500	2.65935943854e-58


input.uwmt9w10g2.gz

451	3.91160870885
452	2.24117
453	1.92692126449
454	4.8365330068
455	0.93073429797
456	8.0996888478e-33
457	1.16304899342
458	0.000343776702125
459	0.329917554698
460	0.705216165056
461	2.950649
462	1.53420701369
463	0
464	3.26630603533e-11
465	0.0171648859923
466	4.978614246e-10
467	0.579867482413
468	0.494359381737
469	1.40000274922
470	3.24852641642
471	0.000383162462761
472	0.782354300002
473	2.15443603695e-53
474	1.62207222107e-49
475	2.68497664972e-17
476	2.20521732878
477	7.67969406208e-39
478	2.21437362566e-24
479	3.3565166965
480	2.36869991405e-47
481	2.88231483488
482	0.00678594932785
483	0.00439671671436
484	6.35923998162e-11
485	0.0470603764834
486	4.5447086
487	2.74423934698
488	0.000325689115485
489	0.01514843364
490	2.42637678272
491	0.0745762904885
492	3.6670866795
493	1.62493017179e-126
494	3.73628742954
495	2.93888890882
496	2.00309684137
497	1.54268912824
498	1.4
499	1.00000000212
500	0.461462700201


input.uwmt9w10g3.gz

451	4.51426883353
452	2.53632867515
453	0.962236526381
454	5.40081274951
455	2.95189143773
456	0
457	1.86527963859e-07
458	0.130375101542
459	0.0823248120589
460	0.000393640004439
461	1.44581801
462	0.870397308547
463	3.89515285699
464	2.83149114226
465	0.517856023234
466	4.82373007939e-12
467	0.586038842221
468	1.71727761953
469	5.35300279959
470	2.0
471	0.98
472	1.04117873665
473	6.39561690209e-18
474	0.0576480102694
475	0.7
476	1.70904495263
477	0.00159584532595
478	2.13846942042
479	2.54879795865
480	2.25393403385e-05
481	2.27656953723
482	0.0137910004837
483	1.15882083639
484	3.00761224653e-42
485	1.0597336015e-09
486	0.542985194402
487	1.34311440247
488	0.116602345461
489	0.710833622257
490	2.77808749995
491	1.6401
492	2.34366466959
493	0.0807098657312
494	3.99525458489
495	1.60978128798
496	0.52106581233
497	0.0962009990714
498	0.061862079531
499	0.49
500	1.86155160698e-58


input.uwmt9w10g4.gz

451	4.46237988619
452	1.63508796394
453	1.98137860544
454	3.11260766875
455	0.812405781469
456	3.22760668993e-61
457	0.0824605668743
458	2.46592030024
459	0.0507584274458
460	0.240122373557
461	1.83827
462	1.44996754237
463	0
464	9.43204797797e-05
465	0.000558545864107
466	2.0
467	0.80181631225
468	0.00155855380938
469	4.5662
470	3.11973347608
471	1.40633529578e-11
472	0.290784210187
473	0
474	2.33683435353e-93
475	1.88426937237
476	2.84108369448
477	9.50773450489e-16
478	0.164865258881
479	3.2022705759
480	5.22317770371e-42
481	2.38848961555
482	0.370682574402
483	9.59739958692e-06
484	1.49013410687
485	0.81634
486	4.38664658611
487	1.15628715376
488	0.00013675970346
489	0.16825001732
490	2.6472741173
491	0.282491706862
492	1.45467833531
493	2.73748310453e-72
494	2.67302862715
495	1.54209409673
496	1.04356750147
497	0.564831796953
498	2.00032589309
499	0.00039098210727
500	0.439206631478


input.uwmt9w10g5.gz

451	4.45310428598
452	1.63508796394
453	1.98131036933
454	3.11232464863
455	0.812438735427
456	6.38203302388e-63
457	0.0823900476107
458	2.46591991042
459	0.0507584490817
460	0.240122373902
461	1.76624
462	1.44997848421
463	0
464	9.43204797797e-05
465	0.000558545864117
466	2.0
467	0.800625565872
468	0.00155855380938
469	4.5662
470	3.11970255364
471	1.40633529578e-11
472	0.29078394271
473	0
474	1.14504883323e-93
475	1.88426937382
476	2.84084478827
477	3.26115293518e-16
478	0.164920491393
479	3.20074204357
480	2.55721880425e-42
481	2.38848961479
482	0.370682574402
483	7.85521242119e-06
484	1.49013410687
485	0.81634
486	4.38664658611
487	1.15054351101
488	0.00013675970346
489	0.16825001732
490	2.64728120904
491	0.282491706862
492	1.45920713878
493	2.11334646607e-77
494	2.62263640321
495	1.54209409673
496	1.04346674715
497	0.563984251146
498	2.00016644941
499	0.00039098210604
500	0.439206631478


input.xvsmmain.gz

451	5.81628725966
452	1.16859482263
453	1.39425584094
454	3.6632467053
455	2.34978314027
456	8.1261661033e-48
457	0.158070701808
458	1.8440111532e-05
459	4.42057545686
460	0.0694640349716
461	1.72529800025
462	1.02027421817
463	4.89125045886
464	5.46078967485e-107
465	1.9475267285e-10
466	0.00325682719582
467	4.38013196593
468	7.58880682642e-05
469	1.21976048764e-10
470	1.41977326816
471	0.98
472	0.0124849791974
473	0
474	3.67033796853e-08
475	2.00191501754
476	1.13656635122
477	0.1647086
478	0.11785865828
479	1.68237192398
480	0.00193781649963
481	0.153288402572
482	0.740369384538
483	0.138871889141
484	2.00232630514
485	3.4
486	0.92154976886
487	3.70639696541
488	0.202230801537
489	0.344050894777
490	0.622685410513
491	2.3430000367
492	3.30409359668
493	1.14354354493
494	1.8826897639
495	0.115319757065
496	3.3512780706
497	0.284038854631
498	0.165310627298
499	1.040353607
500	0.789883556938


input.xvsmman.gz

451	4.24263275584
452	3.57781220584
453	4.2563814451
454	2.0432307616
455	2.74541947217
456	0.700000008636
457	0.0599743151399
458	1.3532546698e-26
459	4.50032878428
460	0.100162801551
461	1.72529800036
462	1.0
463	4.89166367388
464	2.25393402907e-05
465	2.81247800367
466	2
467	2.16807
468	0.000109074193629
469	3.5462
470	1
471	1.40000000116
472	0.284558930665
473	0
474	0.207871170808
475	2.50265738315
476	1.13656635022
477	0
478	0.953873432549
479	1.09960072653
480	1.04618382918e-31
481	0.153289067151
482	0.343000002238
483	1.8419771109
484	0.699841287201
485	2.38
486	2.38
487	2.73950448116
488	0.203093595276
489	1.77833753468
490	0.855776060674
491	1.24484756151
492	4.120082847
493	1.24004556151
494	3.65436806339
495	2.83841717261
496	2.6666738005
497	0.558650617
498	0.235305732894
499	1.040353607
500	1.21656038047


input.xvsmtdn.gz

451	5.60699519977
452	1.60468847237
453	1.36273669746
454	4.03942121426
455	2.65807541181
456	0.700000025179
457	0.298646172
458	3.37046944035e-05
459	4.55092665958
460	0.0502090149508
461	1.72529800104
462	0.352805303559
463	4.89125110841
464	0
465	1.00086712139
466	2.00000185621
467	4.63277464668
468	0.000108684389199
469	6.16880186291e-09
470	1.41977330414
471	0.98
472	0.0201196993158
473	0
474	2.52511347823e-12
475	2.0
476	1.13656635118
477	0.686
478	0.117799009667
479	1.82113391339
480	0.0480207923593
481	0.153656018137
482	0.740364651277
483	0.138865127359
484	0.986782230728
485	3.4
486	0.92154976886
487	3.70006136732
488	0.215029409004
489	0.263546643034
490	0.622685410406
491	2.34300002569
492	3.46318070687
493	1.82320000003
494	3.49071759537
495	1.11242570622e-05
496	3.35173609554
497	0.33373979233
498	0.167289193298
499	1.040353607
500	1.96129895776


input.xvsmtitle.gz

451	5.83768483653
452	1.74646975362
453	1.23225265605
454	1.41727355283
455	1.17600063668
456	2.76107448375e-26
457	0.158070705623
458	0.000126244741878
459	4.40842490824
460	0.0695172497514
461	1.72529800012
462	1.01457953931
463	0
464	0
465	1.18182691809e-12
466	0.03954653486
467	4.54550693455
468	8.06213297296e-05
469	1.21976048764e-10
470	1.41977326743
471	0.686
472	0.0378792705163
473	0
474	3.27859011611e-128
475	0.11529602
476	1.13414400921
477	7.17682106784e-32
478	4.53805983812e-08
479	1.98232387131
480	3.78014105772e-51
481	1.04105646954
482	0.740364651277
483	0.000268291849674
484	2.00678223073
485	2.38
486	1.411301234
487	0
488	0.141330468896
489	0.130362795613
490	0.517517013733
491	3.71248443928e-07
492	4.39866638641
493	0.0419494523268
494	1.80963444897
495	0.00019158123152
496	2.78261606927
497	1.0680733
498	0.235303411696
499	1.040353607
500	0.768543703158


input.CWI0001.gz

451	1.98628209452e-13
452	1.44295068847
453	6.5712536615e-05
454	1.51779562345
455	4.59986536545e-05
456	8.81247870897e-09
457	0.000193034628775
458	7.6615042417e-63
459	0.00546832736451
460	1.00014217029
461	0
462	0.168070000249
463	9.42996066965e-16
464	6.57123623635e-05
465	1.70766468284e-10
466	0
467	1.16878879744
468	6.39561690209e-18
469	0.00474756150994
470	0.000191581480414
471	2.48930711762e-10
472	8.70010702607e-06
473	0
474	0.11764910737
475	2.78078438996e-13
476	0.790995599256
477	1.08233912076e-05
478	1.88996394361
479	1.00820696461
480	1.54253647659e-29
481	0.00117659755536
482	1.57775382035e-05
483	4.18203595761e-10
484	0.040353607
485	0
486	0
487	2.31582771177e-71
488	0.00325682719582
489	2.51188849323e-32
490	1.49079814894
491	1.0
492	0.000187749627253
493	1.03679881074e-09
494	2.3450708454
495	0.00988085352054
496	6.84375166571e-25
497	1.1398905875e-82
498	0
499	3.03636131109e-99
500	3.74291137326e-08


input.iit00tde.gz

451	4.17264923731
452	1.6885215488
453	4.5881990039
454	6.49656624825
455	3.13786602279
456	0
457	0.010748719901
458	2.73311542289
459	2.32913545275
460	0.000331938254646
461	3.19000000006
462	0.538613657809
463	3.27624983331
464	1.12244427518
465	1.02211354348
466	1.4
467	1.53261203465
468	0.520828809773
469	4.615298
470	0.173124656022
471	1.4
472	0.155877686593
473	1.31113437138e-28
474	1.14009431613
475	0.63136924812
476	1.998400041
477	2.45056032308e-21
478	2.9843531287
479	2.14157664056
480	0.498081898925
481	3.19798269127
482	0.112928130069
483	0.988248625465
484	1.35428474939
485	0.00132933915652
486	2.801498
487	2.32974102259
488	0.278814839384
489	0.842306358943
490	2.71225417672
491	1.18020000025
492	5.00915219407
493	3.17089173947
494	5.606463258
495	3.14993927
496	0.0315810606813
497	1.00164797933
498	1.65771702236
499	0.00163382529351
500	1.74371290529


input.NEnmLsa.gz

451	3.99541438845
452	3.69777117184
453	3.46475761202
454	2.00555600173
455	2.02495402815
456	1.0450062173
457	0.032724177859
458	0.563139090712
459	1.15522466876
460	2.28857788648
461	1.82320005243
462	0.825258295843
463	1.64021758979
464	0.00474756168419
465	0.982932464946
466	0.980000074905
467	4.36414564068
468	6.44281255886e-05
469	3.16620181909
470	0.997230312056
471	1.40000000017
472	0.820376181329
473	3.29342496125e-139
474	0.408728657472
475	1.19205669473
476	1.61180874092
477	0.000268213723934
478	3.76510309281
479	2.95661701738
480	1.41229130211
481	1.96962167588
482	0.0277483616692
483	1.54363324893
484	0.11536183939
485	1.666
486	2.657438
487	1.91417419416
488	2.3265287419
489	2.55887712594
490	1.23644773276
491	2.86470923668
492	3.98488816543
493	1.62020914049
494	4.03429387984
495	0.293494408852
496	3.61236042489
497	2.19000000108
498	0.623786424379
499	0.5831
500	1.54955072601


input.PuShortWAuth.gz

451	0.345167269662
452	3.68004605109
453	2.79020384863
454	5.94349309154
455	1.3916011319
456	0.00664923784477
457	1.28854838106
458	1.2994082881e-06
459	0.0206269819916
460	1.56662011863
461	1.03627410686
462	0.706782230728
463	0
464	0
465	4.78177410203e-05
466	1.4
467	0.382475536312
468	3.72115121596e-14
469	4.3376549481e-20
470	0.343000445925
471	3.15550969075e-05
472	0.493326448618
473	0
474	5.12630076274e-32
475	1.01992958069e-09
476	1.74326090087
477	1.82299099654e-41
478	0.343005303465
479	0.64392412829
480	0
481	1.18181386581e-12
482	0.592139287201
483	0.259542225889
484	1.0
485	2.76237783977e-47
486	3.21689384533
487	0
488	0.000949527968942
489	0.0282926035855
490	0.482138044182
491	0
492	1.98019158123
493	3.5969894614e-09
494	3.95931871473
495	0.49
496	2.71497202852
497	1.21107
498	0.00111709172817
499	1.42213729653e-68
500	1.34439236096


input.Scai9Web3.gz

451	0.116268421523
452	1.93492826378
453	1.97848630929
454	4.33834198392
455	1.36668678576e-19
456	0
457	0.0145012663609
458	0.141180794638
459	1.40679051162
460	1.82527587448
461	0.00807456699009
462	9.0954368013e-07
463	1.17973542011
464	0.00474756150994
465	0.117656730995
466	0.686
467	3.59206197459
468	1.76249574179e-08
469	1.21900156036e-10
470	2.99646912231
471	9.19973073089e-05
472	1.22029158174
473	0
474	1.21976051897e-10
475	0.00983414144855
476	2.69766052062
477	0
478	3.05734152345e-07
479	1.41575161161
480	3.24911319918e-27
481	6.34499567809e-09
482	4.50966652318e-05
483	1.5283234639e-07
484	1.68619158126
485	2.6285378647e-05
486	0.115679396477
487	1.29756119942
488	3.21990575582e-05
489	0.145348049853
490	5.2244401139e-06
491	0.040353607
492	2.235298
493	2.79336802682e-24
494	3.81424745472
495	0.368073305624
496	1.57002935778
497	2.43019766299
498	3.64601075539e-41
499	0.700000445676
500	0.292948715357


input.CWI0002.gz

451	0.423739413058
452	0.242442082678
453	4.3286218472e-15
454	3.94528664463e-26
455	0.05764801
456	4.07196505368e-24
457	0.00971708780219
458	1.60109289119e-38
459	0.00113988952001
460	7.73100033019e-06
461	4.59986536545e-05
462	2.41747576628e-12
463	1.57775382035e-05
464	0.0135644614578
465	1.0
466	0
467	0.0578675422706
468	0.00325682719582
469	0
470	3.58841053757e-32
471	7.57649885548e-07
472	2.65173084586e-06
473	0
474	0.00162896193917
475	5.30354919884e-07
476	0.245406133066
477	1.54619874394e-05
478	0.125729459176
479	0.435623678833
480	0.117649003848
481	0.173103024889
482	4.10890147727e-46
483	4.3181145674e-09
484	3.98107394555e-48
485	0
486	0
487	9.47263323375e-27
488	1.26033253283e-08
489	1.00452521231e-11
490	1.00973490401
491	2.0
492	5.41169678561e-06
493	1.00000000003
494	0.000365684785632
495	0.0149849649068
496	1.22528016154e-21
497	0.05764801
498	0
499	1.1094254428e-16
500	0.0541948942596


input.CWI0010.gz

451	0.0022569812467
452	1.19007678371
453	0.520758901041
454	1.01595516474
455	1.11529602001
456	1.14504775943e-14
457	0.11883459311
458	6.81292175599e-14
459	0.0921774096321
460	0.00968890209799
461	0
462	4.92283369667e-12
463	0
464	0
465	4.36091527437e-38
466	0
467	0.00143622358806
468	1.97538948225e-46
469	1.00798925982e-81
470	4.64634942446e-05
471	1.49454832733e-31
472	8.57696113078e-22
473	0
474	2.97568039242e-21
475	0
476	0.111951149354
477	0
478	8.81247876333e-09
479	0.00182075355779
480	7.06349630054e-23
481	0.00234208303528
482	1.39039308022e-13
483	0.0096902528222
484	0
485	0
486	0.00227978326883
487	0
488	0.0199648486614
489	7.49048331011e-08
490	1.87775890408
491	1.38415185627e-81
492	0.0282475249
493	6.57123623636e-05
494	0.200028724769
495	4.36770081972e-08
496	0.00362917958792
497	3.92751381485e-15
498	9.68891012672e-82
499	4.05362155971e-13
500	0.11767153934


input.dcu00ca.gz

451	4.949920617
452	2.94460179775
453	2.88119276707
454	5.50184892148
455	0.8860033
456	2.79345980623e-24
457	1.14807775962
458	0.7583475249
459	1.00897676331
460	1.11483131355
461	1.81529602
462	1.91029838209
463	2.74568331998
464	7.55842901269e-30
465	3.78331590961
466	2.343
467	2.08833010752
468	0
469	2.52325419482e-43
470	0.4048086
471	0.000750127095464
472	1.00002208855
473	0
474	0.000456694467222
475	0.425996998495
476	0.454653516525
477	1.23374701926e-08
478	2.50941372216
479	4.13993946854
480	0.000227981665343
481	0.0940018869053
482	1.57775384872e-05
483	1.47356237444
484	1.49634000448
485	1.666
486	4.38
487	0.343191630553
488	1.783353607
489	1.90623410686
490	2.20148957232
491	2.00000015329
492	1.69538525357
493	2.34894402524
494	1.27596764029
495	3.79601661239
496	2.29459897062
497	3.27319707828e-11
498	0.981792310186
499	0.75764801
500	0.276301866697


input.dcu00la.gz

451	4.949920617
452	2.06122205415
453	2.11293587993
454	5.50184892148
455	0.8860033
456	2.79345980623e-24
457	0.29295376962
458	0.371590287201
459	1.00897676331
460	1.11483131355
461	1.81529602
462	0.936074382768
463	2.74568331998
464	7.55842901269e-30
465	2.64833079644
466	2.343
467	1.02377221597
468	0
469	2.52325419482e-43
470	0.28336602
471	0.000750127095464
472	0.343022088553
473	0
474	0.000339399835764
475	0.425996998495
476	0.84924415255
477	1.23374701926e-08
478	2.50941372216
479	4.13993946854
480	0.000227981665343
481	0.0658075829386
482	1.57775384872e-05
483	0.821493694208
484	2.04724697879
485	1.1662
486	4.38
487	0.343191630553
488	1.6683475249
489	1.90623410686
490	2.20148957232
491	2.00000015329
492	1.23548525357
493	1.64888096177
494	1.27596764029
495	2.65722925085
496	1.69459897062
497	3.27319707828e-11
498	0.687792310186
499	0.54764801
500	0.276301866697


input.dcu00lb.gz

451	1.69782277163
452	1.44285543811
453	0.974637006816
454	4.8512938008
455	0.434141617
456	2.79345980623e-24
457	0.0344657249243
458	0.182079240728
459	0.706283734318
460	1.11483131355
461	1.81529602
462	0.321073522462
463	1.34538482679
464	7.55842901269e-30
465	1.29768209026
466	2.343
467	1.46262899791
468	0
469	2.52325419482e-43
470	0.28336602
471	0.000750127095464
472	0.117656576374
473	0
474	0.000223780288939
475	0.425996998495
476	0.846471599792
477	6.04536039435e-09
478	2.50941372216
479	4.13993946854
480	0.000227981665343
481	0.046065308057
482	1.57775384872e-05
483	0.281772337113
484	1.49662965041
485	0.81634
486	4.38
487	0.343191630553
488	0.817490287201
489	1.3343638748
490	1.07872989044
491	0.980000107214
492	1.1867696775
493	1.15421667324
494	0.893177348204
495	2.6033218876
496	1.18607003905
497	2.2912379548e-11
498	0.48145461713
499	0.2683475249
500	0.135387952609


input.dcu00lc.gz

451	2.42546110233
452	2.94460179775
453	1.41298403432
454	4.8512938008
455	0.8860033
456	2.79345980623e-24
457	0.100482352284
458	0.371590287201
459	1.00897676331
460	0.7802640855
461	1.81529602
462	0.224730897904
463	1.34538482679
464	7.55842901269e-30
465	1.85383155751
466	2.343
467	1.46253010752
468	0
469	2.52325419482e-43
470	0.4048086
471	0.000750127095464
472	0.168075303462
473	0
474	0.000319686127055
475	0.425996998495
476	0.317990485583
477	1.01604372148e-09
478	2.50941372216
479	4.13993946854
480	0.000227981665343
481	0.0880616175836
482	1.577753852e-05
483	0.503397225213
484	1.49634000448
485	0.81634
486	4.38
487	0.343191630553
488	1.2483475249
489	1.3343638748
490	1.54104270062
491	2.00000015329
492	1.69538525357
493	2.34894402524
494	0.893177348204
495	3.79601661239
496	2.29459869776
497	2.2912379548e-11
498	0.68725461713
499	0.54764801
500	0.193411360852


input.Flab9atd2N.gz

451	4.57566224151
452	4.72970249383
453	2.02535308424
454	5.86455517098
455	1.16121655236
456	0
457	0.130431380792
458	0.40817
459	3.15019262743
460	2.27438137228e-106
461	2.743
462	1.4628164076
463	2.0299664645
464	0.490005630077
465	2.97929903071
466	2.0
467	3.7633021996
468	0.000268213847597
469	5.30346169733e-06
470	0.236095922664
471	0.686093874803
472	2.67867187769
473	0
474	1.79846504265e-08
475	0.00232589093995
476	1.70301152582
477	3.71248295247e-06
478	4.38337134318
479	2.56881904891
480	1.00004604792
481	2.83803092305
482	0.129935229864
483	2.33045503333
484	6.90583066324e-47
485	0.28000462
486	4.321298
487	3.43179011083
488	0.289689180725
489	1.04604320255
490	2.99512360658
491	2.70000378922
492	5.19483959305
493	6.51217114498e-62
494	1.82629963907
495	2.54717443253
496	3.87765154101
497	0.000797953236905
498	0.68600000006
499	0.709688901041
500	0.118105781016


input.Flab9atdN.gz

451	3.78853882661
452	4.6075920879
453	1.80001854564
454	6.07692132748
455	1.22323936488
456	2.17397871096e-75
457	0.210411357665
458	2.28134094836
459	4.4673629654
460	0.000134106861966
461	1.9702
462	0.757300918633
463	1.42037498178
464	0.49000000617
465	0.00333036268882
466	2.0
467	3.78625599136
468	3.71242318813e-06
469	2.89844738312e-11
470	0.240045561511
471	0.480997922663
472	7.05651428511e-07
473	0
474	4.59986536545e-05
475	0.00231205529001
476	1.24412879659
477	6.43981153149e-05
478	4.51765453967
479	2.53352432748
480	0.490000025692
481	2.17125315016
482	0.124985366717
483	2.36258685828
484	2.94189766786e-22
485	0.4000066
486	4.321298
487	2.84162050112
488	0.503344374127
489	1.4207409443
490	3.05964206486
491	2.34304599865
492	5.26382034767
493	0.885311240707
494	1.78155695248
495	2.52444032817
496	4.0241100076
497	0.000798011800133
498	0.336711688553
499	0.701628413598
500	0.343331269233


input.Flab9atdnN.gz

451	3.57640108808
452	4.43612223642
453	2.79242984038
454	5.51669486597
455	0.872749436667
456	1.66559470907e-137
457	0.490387658469
458	0.0980070317183
459	4.65450184896
460	0.810474694274
461	2.323
462	0.582132665613
463	1.87888255895
464	1.00000093778e-79
465	0.000392217693774
466	2.0
467	3.47898216268
468	6.23946964623e-07
469	1.76249574179e-08
470	0.275651607042
471	0.686015777538
472	3.29933078598e-07
473	0
474	1.71132921357e-45
475	0.000268403665174
476	1.24302615335
477	4.50786805814e-05
478	4.40265243013
479	2.56881900604
480	0.241242723258
481	2.16967113862
482	0.0971954544037
483	2.21210730333
484	1.02209957257
485	0.196003234
486	2.8808486
487	2.58236771953
488	0.849379051489
489	1.90485683576
490	4.02733828813
491	2.70234884655
492	5.12520505737
493	3.43040516991
494	5.18717459909
495	3.7115786163
496	4.23827959583
497	0.000558600552301
498	0.48027215228
499	0.701628413598
500	0.473784158058


input.Flab9atN.gz

451	5.1898221928
452	3.53208776698
453	1.31888227209e-08
454	3.87083289309
455	1.24987080918
456	7.87188397839e-50
457	0.236177128745
458	7.90750591648e-61
459	4.55592219201
460	5.0802186074e-10
461	1.9702
462	0.726353041952
463	0
464	0
465	0.000391803038775
466	2.0
467	3.84130512646
468	0.00664660414041
469	3.05748362999e-07
470	0.0567687372752
471	0.0564950677847
472	0.240100311974
473	0
474	0
475	0.00228022471348
476	0.513384006215
477	5.61968788488e-15
478	0.364080337517
479	1.82983682335
480	1.673130308e-69
481	1.87318016823
482	0.0712350107973
483	1.95535762022e-24
484	1.41573081549e-57
485	1.666
486	4.321298
487	0.176195306739
488	0.122774617722
489	4.10890529502e-125
490	0.157301848211
491	8.93468682665e-07
492	5.38055920841
493	0
494	3.92167589737
495	3.02588176963
496	2.84994735025
497	1.19631767777
498	0.98
499	0.70474756151
500	0.0282547928075


input.hum9td4.gz

451	5.19583839905
452	1.43768644376
453	1.78692402225
454	5.36247689387
455	3.11647823618
456	2.92864767723e-90
457	0.69922317301
458	9.44177610222e-05
459	1.02346257571
460	0.0576485404403
461	2.04292223073
462	0.0209200792838
463	5.31453716372
464	2.18101572841
465	0.254849574028
466	1.4
467	2.39444920299
468	6.71672541801e-05
469	2.26149602001
470	4.01609773814
471	0.235298
472	2.09678998461
473	0
474	0.00792212025002
475	1.01026931765
476	3.31484114574
477	1.04866766389e-07
478	1.19390876923
479	2.55543068282
480	0.792131320143
481	2.0474311646
482	0.00563999710836
483	1.01898013656
484	0.000456697048808
485	2.38
486	3.746707214
487	2.85616706482
488	1.55478663322
489	1.03097552827
490	4.26487984866
491	2.07914000004
492	2.01139425463
493	7.34665046985e-08
494	5.0423012677
495	3.46342811607
496	1.14494115269
497	0.552357492744
498	1.53309431157
499	1.49
500	1.08852589886e-06


input.hum9tde.gz

451	3.90854475738
452	1.7243766192
453	1.27909596495
454	4.48789121692
455	3.22292683803
456	0
457	0.0100451064214
458	0.13742741489
459	0.0307007751298
460	0.0578395922682
461	2.89474756151
462	0.00219862986277
463	4.77889848956
464	1.68591058123
465	0.343
466	1.08233912076e-05
467	1.32138065819
468	4.53332490438e-16
469	4.35979304671
470	3.87893804294
471	0.98
472	1.46949728068
473	0
474	5.84341740159e-35
475	1.2569591738
476	3.18938071718
477	2.29009551886e-14
478	0.90323084557
479	2.82317885751
480	0.345730040801
481	2.19175410417
482	1.61644252051e-05
483	1.25384066819
484	6.16873509631e-09
485	3.4
486	2.2026950498
487	1.90688464882
488	1.71637883076
489	1.00233291967
490	4.17785568494
491	1.93784801
492	0.00825863037499
493	1.94655165384e-13
494	5.40798480265
495	2.82336942755
496	0.762580218699
497	0.919964550878
498	2.20937780208
499	1.043
500	9.08051765592e-13


input.hum9tdn.gz

451	4.82965019642
452	3.60003200543
453	1.66738175874
454	3.40200082001
455	3.10985848788
456	0.00019158123196
457	1.20291995564
458	1.7296602872
459	0.212630907924
460	0.062995589937
461	2.3860938748
462	0.00261335343293
463	4.16520770001
464	2.00000000002
465	5.259539814
466	1.40000000009
467	3.88565963413
468	5.91783545362e-10
469	3.23178150948
470	2.52555807551
471	1.4
472	1.09436982225
473	0
474	9.38748033765e-05
475	1.12702081444
476	3.23411880744
477	7.57637384531e-06
478	0.188025749317
479	2.39034756454
480	0.751340776845
481	2.69476829759
482	0.0249711935529
483	1.1657116951
484	0.283367885024
485	0.81634
486	3.70554653486
487	2.52812589483
488	1.70636439885
489	0.881227832536
490	3.7485701454
491	2.723
492	2.9938412872
493	0.725298
494	4.36236323315
495	2.45751098733
496	1.61098863087
497	0.128501920731
498	1.53309199731
499	1.49
500	1.2863909717


input.hum9te.gz

451	5.0497515761
452	0.702700067071
453	1.39165340236
454	5.28522765085
455	3.24418076497
456	2.62789595101e-63
457	0.00829121544987
458	3.90390376764e-20
459	0.036680878922
460	1.32702953423
461	2.68113988952
462	0.240163268637
463	0.985623893196
464	7.29191036817e-10
465	0.000192026907786
466	0.235298
467	2.81065846516
468	7.80753428896e-16
469	4.35260105967
470	2.32276844498
471	1.27912338042e-17
472	0.000211620219176
473	0
474	1.5920654676e-27
475	1.96711889699
476	2.55089674742
477	7.54225067252e-74
478	1.45847803063e-11
479	3.17157867249
480	0.0019603515218
481	2.1932123935
482	1.61644252051e-05
483	0.000273625461374
484	1.09417
485	1.666
486	3.40214
487	0.946690579042
488	0.767444255893
489	0.0138703435031
490	3.86138080295
491	1.79847853223e-08
492	4.04909621259
493	0
494	5.42509196576
495	3.61905233413
496	2.1446620008
497	2.20384128724
498	1.07515663006
499	1.19
500	9.22366093233e-07


input.iit00m.gz

451	5.8843726565
452	4.18471674071
453	1.90108874682
454	3.86403567906
455	4.31641258203
456	1.24067958282
457	4.87812297158
458	2.44523783516
459	5.15737521334
460	0.118431693264
461	2.70000001259
462	1.99287831779
463	4.96850601017
464	3.26442229757
465	2.41671263456
466	2.7
467	5.16240359253
468	4.24451979787
469	4.1462
470	3.71814472932
471	1.92448176928e-15
472	1.70678772467
473	0.0823543
474	1.53594824564
475	0.755513014368
476	3.81869791436
477	0.12004358151
478	4.53546014744
479	4.38516319108
480	1.9399075841
481	2.65089087387
482	2.41186503956e-12
483	3.27813888956
484	0.696435422295
485	0
486	5.066
487	0.443381937623
488	1.7301000481
489	2.88617971533
490	4.01522403839
491	3.42283174527
492	5.32064587908
493	3.14987811822
494	5.90427261015
495	4.57159390524
496	1.24046429601
497	0.189138297201
498	2.29896792266
499	1.00474756151
500	1.34300002575


input.iit00t.gz

451	4.84337847162
452	0.49000000006
453	5.9256519057
454	6.34870457367
455	3.95470801418
456	0
457	0.109039019513
458	1.51554653036e-08
459	2.35739929169
460	0.4709545593
461	2.23300000302
462	0.452506779174
463	0
464	0.240115781856
465	0.000191581231381
466	0.98
467	0.324597285899
468	0.0143630208063
469	4.4076825744
470	0.736347097644
471	0.11529602
472	5.20440743697e-12
473	3.26381612284e-38
474	1.79137648422e-07
475	0.903011784185
476	0.56219093973
477	3.9191073633e-59
478	8.36755694518e-11
479	2.29996859875
480	1.83561840714e-29
481	3.4325137161
482	0.168215151153
483	1.25869707096
484	0.165541470018
485	0
486	3.1868486
487	0
488	0.203035014966
489	0.286516922663
490	1.6394363228
491	4.36762875198e-07
492	5.46223755038
493	1.2171508534e-133
494	3.56466350447
495	3.333043167
496	0.00187726450459
497	0.240315908851
498	0.707919872762
499	0.000396393800462
500	1.73738428878


input.iit00td.gz

451	4.36757064624
452	1.48262719237
453	4.1928125937
454	6.49656624825
455	3.1356714754
456	6.05833900307e-123
457	0.0107531283707
458	2.66339688853
459	2.34714903727
460	0.000314464840464
461	3.19000000617
462	0.305674203051
463	3.27192998414
464	1.40024175387
465	1.00957240082
466	2.0
467	1.53296269971
468	1.0215197819
469	4.41954653486
470	0.341791454413
471	1.4
472	0.0533938704377
473	3.05009862721e-31
474	1.27810687441
475	0.631367600759
476	2.18098596347
477	1.41269926011e-22
478	3.23131434515
479	2.24414665794
480	0.53811468424
481	3.57475357763
482	0.143325603098
483	0.933918616863
484	2.04292286741
485	0.000223422032036
486	2.801498
487	2.32974102259
488	0.663692808324
489	0.845442369534
490	2.61553312666
491	1.1802
492	5.11862485955
493	3.63378403801
494	5.79282489843
495	3.13691291272
496	0.0315810606813
497	1.00080750987
498	1.70813802236
499	0.00233734941661
500	1.55449466865


