input.acsys9mw0.gz

451	4.38639722439
452	3.07562901155
453	2.05665232887
454	4.26777190523
455	0.505267246937
456	0.489662643129
457	2.34880212724
458	0.49141760849
459	2.36925107805
460	0.466614714414
461	1.4752
462	1.73487885405
463	3.46312677654
464	1.32
465	3.9520557102
466	2.216
467	3.77161261878
468	4.05564039987
469	3.30752
470	0.980502515649
471	0.729636561584
472	0.0474082961114
473	0.0013060694016
474	0.962646967325
475	2.05041133065
476	1.50056262371
477	5.73023599916e-08
478	2.32234251882
479	2.61048385211
480	0.00604946102823
481	3.40015685397
482	1.91100066589e-16
483	1.73449406446
484	0.74457139228
485	1.92
486	2.095675392
487	2.33463438235
488	0.000857768450163
489	1.0304465409
490	0.265042356575
491	2.32000790762
492	4.31903726596
493	2.11835880937
494	1.18770635138
495	0.0224679102425
496	2.20069626948
497	0.00627493788058
498	0.432637419297
499	0
500	0.600452401202


input.apl9all.gz

451	3.96698200539
452	2.95732697704
453	4.3430775702
454	3.67971297704
455	2.1614974153
456	2.21111340196e-07
457	0.299867866028
458	0.00967461807446
459	1.7627722862
460	0.00225035403099
461	1.21600000048
462	1.34922797085
463	2.27747537945
464	0.216000000037
465	1.76477485385
466	0.72
467	3.01803436339
468	0.000940959499605
469	4.35200000091
470	2.25510448618e-05
471	2.00000000223
472	2.2687026176
473	0
474	1.03144247985e-08
475	0.120778065366
476	1.01737565126
477	5.68605760599e-06
478	1.92192605693
479	2.3329822567
480	0.0230120442543
481	0.202784797359
482	0.0134010104218
483	1.28201001182
484	0.177039651955
485	1.152
486	3.245312
487	1.88287417368
488	0.00125406489016
489	0.37269825721
490	1.19014670375
491	2.3600000573
492	4.09823080291
493	2.75120616152
494	3.08290238035
495	0.47582154958
496	2.72906069911
497	0.617078270991
498	0.279479011738
499	0.216101559957
500	0.0204608247888


input.apl9lt.gz

451	0.453088340807
452	0.272383603974
453	0.00757754059426
454	0.00177261746382
455	2.13000360764
456	2.94377009611e-81
457	1.96000159665
458	4.77519668299e-08
459	0.0126851674034
460	1.3735936
461	1.21817678234
462	0.218155862935
463	3.30615104625e-111
464	4.96360861794e-18
465	0.00217678233604
466	1.26680573326e-14
467	0.0932283096059
468	4.38739012808e-05
469	1.78752044215
470	2.91361301607e-12
471	0.000203119913339
472	1.4962560001
473	7.22462503179e-181
474	1.21817295164e-117
475	0.0105603236039
476	0.000383771478256
477	2.24620193719e-30
478	4.52534055377e-13
479	1.18560085336
480	5.95365925632e-131
481	0.00526287297018
482	9.55039333194e-08
483	1.46463385648
484	4.3854226259e-118
485	1.152
486	0.0237084270496
487	0.130406782984
488	7.40981818057e-05
489	0.010088120447
490	0.0122549330479
491	7.65645480493e-130
492	2.94875607965
493	1.01604112327e-23
494	0.440205118928
495	6.66078110165e-94
496	0.000111776849093
497	1.37007771319
498	0.15552
499	0.00130607971602
500	0.000102593796624


input.apl9ltdn.gz

451	1.86498435095
452	1.77968914515
453	3.56295441446
454	0.992171727061
455	1.36050840571
456	0.428125369499
457	1.00362810381
458	1.02349950976e-06
459	2.4772068661
460	0.731197470444
461	0.647962069402
462	1.39400719245e-17
463	0.614829213792
464	4.73838133832e-06
465	0.409753226089
466	9.77473559614e-14
467	0.197359559532
468	2.07891275068e-10
469	3.94036122018
470	1.03173346115e-08
471	0.432
472	2.49782340217
473	0
474	3.09567277357e-28
475	0.171545176906
476	0.00110776330992
477	3.46485458447e-10
478	2.21424433779
479	1.37140389735
480	1.38841451552e-07
481	0.0755917038432
482	0.000564222090287
483	1.43511978499
484	1.36000791449
485	0.0069657034752
486	0.283364689969
487	0.632795331678
488	0.000886036976588
489	1.09397550247
490	0.109651333988
491	2.309312
492	3.79540871697
493	1.3038692356
494	0.00275158246555
495	0.241554834162
496	0.555829120462
497	1.00006093646
498	0.363833856
499	0.0167978658173
500	1.27873484568


input.apl9t.gz

451	3.17378947674
452	0.455306278953
453	0.0259034886201
454	0.0380569102537
455	2.13001215933
456	6.66078111329e-94
457	0.216471650831
458	2.42393053167e-07
459	0.0983716030087
460	2.37325824616e-21
461	1.0466560001
462	0.0411510398976
463	2.0941255502e-125
464	8.20890115152e-16
465	0.000101559966368
466	4.52534055377e-13
467	1.60467710316
468	7.42652794916e-09
469	1.25003911987
470	2.86511799958e-08
471	0.004353564672
472	1.73696545525
473	7.1689253494e-179
474	3.7419910661e-143
475	0.209429750098
476	0.00737510064702
477	3.65826398922e-24
478	2.16093911247e-20
479	2.11248106542
480	3.30615104625e-111
481	0.0758482167091
482	1.59173222199e-07
483	1.45144589487
484	7.77617648117e-134
485	1.152
486	3.15294036997
487	0.018610128577
488	0.000282115505989
489	0.00217679005121
490	0.21606084628
491	1.2276376682e-119
492	2.62409590961
493	5.86484135771e-14
494	1.08450863659
495	5.22019553906e-97
496	0.0136549849475
497	1.96006093597
498	0.72
499	0.360007897302
500	0.0100800637009


input.apl9td.gz

451	3.1968943305
452	2.95714280188
453	4.34470560599
454	2.89779877443
455	2.05787886785
456	0
457	0.261136443211
458	0.0108618504309
459	0.826708869709
460	1.02482712488e-06
461	1.21600000029
462	1.79598509859
463	2.86428002005
464	0.0167961600225
465	1.60028211116
466	0.000121871948002
467	2.8375081755
468	0.00725653065045
469	4.352
470	1.60051991872e-05
471	2.00000000002
472	2.4088327825
473	0
474	2.22791575647e-09
475	0.302967053772
476	1.01730808884
477	9.55039333194e-08
478	2.15601113094
479	2.25181806517
480	0.218176783673
481	0.215079539225
482	0.0337070421495
483	1.35721280817
484	0.000169346181058
485	3.2
486	3.725312
487	1.76827424474
488	0.000752343764709
489	0.082562581192
490	0.888802449222
491	1.56
492	3.85033869366
493	2.02688517088
494	2.41733338058
495	0.680834427692
496	2.36320554946
497	1.139677696
498	0.259832680915
499	0.216007897302
500	0.0100799029232


input.apl9tdn.gz

451	3.4947377142
452	2.7964609066
453	4.54194135463
454	3.77823008845
455	1.48404693844
456	1.10312189667
457	0.600002793807
458	1.7059063646e-06
459	3.22801126776
460	0.0885954244995
461	0.406656000104
462	3.25420074395e-19
463	0.861901342824
464	0.000101559956668
465	2.15234112577
466	9.69937532958e-12
467	2.58293852523
468	7.60083442308e-15
469	3.30768249593
470	1.33675608344e-09
471	2.0
472	2.21744564105
473	0
474	2.38863639936e-27
475	0.683270413362
476	0.132308085945
477	4.38739012808e-05
478	2.20757452887
479	2.35447887643
480	0.000478082675332
481	0.0326249126806
482	0.00726068030339
483	1.27081217254
484	0.3940402176
485	0.08957952
486	2.2351872
487	1.10631637987
488	0.00149050237222
489	0.729653472107
490	2.58209073051
491	2.37209328295
492	3.3021046199
493	2.85811531082
494	0.80472394125
495	0.274732454242
496	2.7590979496
497	0.00604664097936
498	0.4116096
499	0.601306069402
500	0.360825970402


input.att0010gb.gz

451	3.99633528865
452	2.6512000172
453	1.46012723726
454	0.642224488088
455	1.32988313515
456	2.60090107412e-49
457	1.61029047339
458	0.000282253834008
459	4.02423074816
460	0.0807327794661
461	2.56
462	1.96095764662
463	0
464	0
465	1.75955962126e-14
466	1.2
467	0.757593611828
468	0.000962306919792
469	1.20435356467
470	0.0777769149684
471	7.42640427033e-09
472	1.00000284313
473	0
474	2.95520441455e-16
475	0.600805019265
476	1.61669342016
477	0
478	3.01454935198e-08
479	0.659905180697
480	4.68359244124e-201
481	1.64496764246
482	0.000169323910279
483	8.16720660991e-06
484	1.03437596164
485	0.1492992
486	3.940155392
487	0
488	0.0937747293632
489	0.000203119913337
490	1.26526048227
491	5.04103905044e-22
492	3.3667962011
493	4.07452075409e-165
494	2.29471302593
495	1.08588520628
496	2.15995739756
497	1.81962797056
498	1.2
499	0.0778615599567
500	0.0567468868442


input.att0010gbe.gz

451	4.00865836255
452	4.09802651469
453	2.95492045302
454	3.04541049321
455	2.22926578386
456	0.0466607383813
457	2.21142273476e-07
458	6.1966083431e-07
459	4.26679794143
460	1.16439380507
461	1.936
462	1.117306632
463	0
464	0
465	1.76719378009e-08
466	9.69986786365e-12
467	2.11857110036
468	8.75604941028e-32
469	3.68616728296e-26
470	0.00237995222922
471	0.000338533188895
472	1.00002193701
473	0
474	2.15164249765e-66
475	0.684538134133
476	1.36293190873
477	1.26680573326e-14
478	1.02349050484e-06
479	1.00132974113
480	2.11859335927e-62
481	3.0737330551
482	3.4129713945e-06
483	7.9894637047e-75
484	2.96943175331e-83
485	0.248832
486	1.5048855552
487	0
488	2.23869168312
489	0.000101559963105
490	0.0911604554306
491	0
492	2.69232451031
493	7.99297519172e-94
494	3.46536279825
495	0.369754817291
496	3.36712851486
497	1.136256
498	0.72
499	0.37679616
500	0.610152950279


input.att0010gbl.gz

451	3.99133031926
452	2.60512000001
453	0.73848952192
454	0.642224488089
455	2.13308580542
456	3.71319292746e-09
457	1.63776029221
458	0.000282253834008
459	3.93619097051
460	0.129749275126
461	2.56000001719
462	1.98879040381
463	0
464	0
465	3.95036788726e-25
466	0.093312
467	0.757593611828
468	0.460162866794
469	0.724353564672
470	0.0777769149684
471	1.58445843435e-05
472	1.00000000224
473	0
474	1.50130460642e-39
475	0.600805019265
476	1.61692073565
477	0
478	0.0777819369507
479	1.72504067244
480	3.47675309044e-58
481	1.82453616369
482	0.000514059059099
483	6.320583872e-08
484	0.0660649246512
485	0.41472
486	4.07552
487	0
488	0.0142050191278
489	0.0120932638512
490	2.20312292001
491	0.00183810983304
492	3.41991045032
493	0
494	1.99295793626
495	0.518055892765
496	2.15995739756
497	1.81962797056
498	1.2
499	0.370077696
500	0.094838350578


input.att0010gbt.gz

451	3.34430292874
452	2.2999309312
453	1.46269458191
454	0.479685995815
455	1.41730891249
456	2.0381743857e-52
457	2.38865387678
458	6.56765879418e-05
459	4.00119060896
460	0.000470199038655
461	1.792
462	1.86314393921
463	0
464	0
465	1.03945637534e-10
466	1.2
467	0.757593611828
468	4.44879955022e-05
469	1.20435356467
470	0.0280105149684
471	0.15552
472	1.0
473	0
474	1.82887402188e-24
475	0.600805019265
476	1.61001605116
477	0
478	0.0265262016894
479	0.216565274146
480	2.81015546475e-201
481	0.315550232934
482	0.0201633179534
483	0.000101559956668
484	1.02062557698
485	0.248832
486	3.552512
487	0
488	0.340754676252
489	0.0933277946045
490	0.0100797491694
491	5.04103893489e-22
492	2.88843388126
493	1.90100840303e-166
494	2.44464299785
495	1.00264696732
496	2.72266309357
497	1.00000011047
498	5.68605760599e-06
499	0.3660466176
500	0.00693204075291


input.att0010glf.gz

451	3.80565915163
452	2.450326016
453	0.962106433114
454	0.525628751729
455	2.22046638181
456	1.33125581636e-07
457	1.39228247215
458	0.0100780647603
459	3.9361382172
460	0.00604661766237
461	2.032
462	1.68520516305
463	0
464	0
465	3.80041719978e-15
466	0.093312
467	0.757593611828
468	0.0357738407229
469	0.724353564672
470	0.0168130749684
471	1.2
472	0.0777600061893
473	0
474	1.20412086765e-48
475	0.600805019265
476	0.82615244154
477	0
478	0.0504337875929
479	0.516164271544
480	4.54088082834e-61
481	0.543870557179
482	0.0128768962596
483	0.00362797056
484	0.0369515623144
485	0.1492992
486	4.1792
487	0
488	0.25401890652
489	0.000127568320082
490	0.693312221111
491	0.00103786752755
492	2.92099130689
493	0
494	0.891068651939
495	0.141085458008
496	2.72262246959
497	0.600000008454
498	0.03359232
499	0.29376
500	0.0285732422435


input.att0010glv.gz

451	3.98723893021
452	2.79520000001
453	0.962106433114
454	1.27881964092
455	2.21638428689
456	2.28025031987e-15
457	1.79279907595
458	0.0100780647603
459	4.00804413834
460	0.00604661766237
461	2.32
462	1.97014477315
463	0
464	0
465	3.80041719978e-15
466	1.2
467	0.757593611828
468	0.0337615927831
469	1.20435356467
470	0.0168130749684
471	0.0559872
472	1.00000000011
473	0
474	3.02462325694e-22
475	0.600805019265
476	0.970152438907
477	0
478	0.0504337875929
479	0.658960799237
480	5.06054921339e-89
481	1.60860022389
482	8.04357744256e-05
483	0.00217678236585
484	1.03360548217
485	0.248832
486	4.013312
487	0
488	0.14126705546
489	0.000127568320082
490	1.32000037202
491	3.63272195467e-06
492	2.91623913106
493	0
494	0.891068651939
495	0.782483046868
496	2.72262246959
497	0.600000008454
498	0.15552
499	0.124416
500	0.00988041633885


input.CWI0000.gz

451	0.00362797056
452	2.11054386273
453	0.0878377863324
454	1.31600311203
455	0.6
456	1.99139576422e-46
457	0.0123981115569
458	2.16093911247e-20
459	0.222913838462
460	0.0302204565693
461	0
462	4.96360862272e-18
463	0
464	0
465	5.45861530175e-06
466	0
467	0.010077696
468	7.11684660745e-64
469	1.14062085704e-34
470	0.0279936000624
471	1.0515868256e-79
472	7.89810428021e-06
473	0
474	9.88404804714e-24
475	0
476	0.344775591792
477	0
478	1.0
479	1.04026623135
480	5.19954152127e-30
481	0.000383671749464
482	3.54628419436e-16
483	1.74588759167e-12
484	0
485	0
486	0
487	0
488	0.000470407400095
489	0.129600002673
490	0.600026330529
491	0.432
492	0.600060935996
493	7.839823482e-23
494	0.0358278580668
495	4.12899791122e-10
496	0.129600000052
497	0.000470184984576
498	0
499	0
500	0.0528719319464


input.isnnwt.gz

451	3.2
452	4.64754779493e-67
453	0.0890461091474
454	2.216
455	0
456	0.00362797056
457	1
458	0.000885201597628
459	0
460	4.73838238585e-06
461	0.432
462	1.1296
463	0
464	0
465	4.77519666597e-08
466	0
467	7.95866110995e-08
468	0
469	0
470	0
471	0.093312
472	1
473	0
474	0
475	0
476	0
477	0
478	0.36
479	0
480	0
481	0.72
482	0
483	0
484	0
485	7.29680102357e-15
486	0.10056794112
487	0
488	1.83285820227e-24
489	0.0279936
490	0
491	2
492	1.28662459195
493	0
494	2.49793945955
495	0
496	2.7479936
497	2.88737882039e-10
498	0
499	1
500	1.0


input.iswt.gz

451	1.23773097582e-08
452	4.73838133832e-06
453	0.526303610676
454	2.29429321689
455	0.289370382336
456	2.19369506404e-05
457	0.600000006265
458	0.0026471027731
459	0
460	0.0001692666169
461	9.92721723589e-18
462	1.01526251363
463	0
464	0
465	3.14396392743e-32
466	0
467	0.000637345150292
468	0
469	0
470	0
471	0.093312
472	0.000169266594447
473	0
474	9.21929700283e-178
475	2
476	0.42336
477	0
478	0.129600002761
479	0
480	1.93816247586e-105
481	0.8496
482	7.74591299156e-67
483	1.2
484	9.99986134546e-133
485	2.637015122e-82
486	1.2
487	0
488	5.04105312459e-22
489	0.602612173667
490	1.07627406501e-217
491	2
492	3.606656
493	0
494	2.35777153575
495	1.48970934443e-169
496	1.27776
497	1.33674951772e-09
498	1.05567144438e-14
499	1
500	1.81477395417e-22


input.iswtd.gz

451	2.63243407685e-05
452	1.82296570348
453	0.158969960585
454	2.30652223263
455	0.289370382336
456	1.31621703842e-05
457	1.64665600223
458	1.00000062424
459	0
460	2.84302880933e-06
461	1.432
462	0.65376
463	0
464	0
465	5.04103876157e-22
466	0
467	1.00034023901
468	0
469	0
470	0
471	0.093312
472	1.6347170982e-61
473	0
474	9.43586169218e-184
475	2
476	0.3456
477	0
478	0.046656
479	5.47906438756e-191
480	2.51185856871e-106
481	0.8496
482	0
483	1.0
484	0.6
485	1.23988491446e-85
486	1.20056422198
487	0.695340284119
488	6.48283580837e-21
489	0.606046617616
490	1.99136815261e-178
491	2
492	1.03064492114
493	0.180480452804
494	1.9186469812
495	1.34192310698e-76
496	3.56
497	0
498	2.64147400386e-53
499	1
500	0.36


input.iswtdn.gz

451	1.18103818239e-109
452	0.129600000002
453	0.0238057645291
454	2.00000022107
455	0.289370382336
456	2.19369506404e-05
457	0
458	6.92194367536e-08
459	0
460	1.70581728813e-06
461	1.00000947676
462	4.83340051275e-96
463	0
464	0
465	1.90103476181e-34
466	0
467	5.46234333411e-37
468	0
469	0
470	1.19482089157e-178
471	0.093312
472	4.54088082834e-61
473	7.03159640291e-108
474	2.88733878568e-142
475	2
476	0.346383641641
477	3.4381415995e-08
478	0.07776
479	1.62209143053e-191
480	1.47822413419e-167
481	0.8496
482	0
483	2.632
484	0.6
485	0.41472
486	0.72
487	1.93150078922
488	1.027203562e-06
489	0.606046617677
490	0
491	2
492	2
493	0.502971961274
494	0
495	0
496	2.202176
497	1.6
498	0
499	1
500	0.600000028755


input.jscbt9wcl1.gz

451	3.60316108246
452	1.00131862831
453	0.818679234004
454	3.70971101161
455	0.596360869445
456	0.216005007207
457	0.600004435126
458	1.42954774774
459	0.682224006563
460	0.00381064919048
461	1.39200000006
462	0.0279936005666
463	1.03865642622
464	0.598350713587
465	3.96591457782
466	0.720169266594
467	0.372681709251
468	0.208927284822
469	4.36217519356
470	2.08297615838
471	2.0
472	0.247767590453
473	3.919911741e-23
474	0.0036281916424
475	0.0386952454543
476	2.2934239958
477	1.61656255493e-11
478	2.15704596031
479	2.13499662132
480	1.96362797056
481	2.59936693874
482	0.360000000008
483	0.40969179442
484	0.103985289642
485	1.152
486	4.013312
487	0.192244240109
488	0.357668565066
489	1.07838404725
490	3.19125076027
491	1.02931201807
492	4.36121329491
493	0.00611981905599
494	2.95026803407
495	0.109400615146
496	3.69391251303
497	0.00010156006236
498	1.99437596164
499	0.600000000037
500	0.594271497128


input.jscbt9wcs1.gz

451	4.43882389858
452	0.267872078904
453	2.64842046405e-07
454	4.18072010795
455	2.69892931055
456	3.97772946465e-15
457	0.606048591582
458	1.45594947882e-31
459	2.3172126566
460	3.46348535961e-06
461	1.61920001719
462	1.60250845875
463	0
464	0
465	1.88637837593e-32
466	0.432
467	0.228723700106
468	0.000101639751171
469	3.30752
470	0.465259006789
471	0.0559872
472	1.06387358924e-16
473	2.24519463966e-143
474	0.000169266594447
475	0.0336543147263
476	1.00918651189
477	1.94653670625e-59
478	3.67190471273e-91
479	2.42378795239
480	0.000784624191714
481	3.00599627328
482	0.00130606950555
483	0.000232731479182
484	2.73673475616e-15
485	3.2
486	4.013312
487	1.62187313112e-23
488	3.65670780301e-05
489	0.0777610235039
490	2.38646213084
491	1.03144247985e-08
492	4.22506380528
493	2.67349890777e-09
494	4.60625600492
495	1.34995388627
496	1.41223926552
497	0.129701607723
498	0.816061095936
499	0.600000017191
500	0.0036440044735


input.jscbt9wll1.gz

451	4.40102094432
452	1.00155204418
453	0.837017882586
454	3.70971070684
455	0.600787032227
456	0.21600389517
457	0.600003780092
458	1.42902531999
459	0.682224006562
460	0.00380537332002
461	1.2192000008
462	0.0279936005663
463	0.861492743817
464	0.598374269184
465	3.96591457782
466	1.20016926659
467	0.372682423667
468	0.207563120246
469	4.36234852255
470	2.08183938253
471	2.0
472	0.127091887173
473	8.33695645244e-20
474	0.00363284158583
475	1.0439087514
476	2.29747741573
477	5.86484135768e-14
478	2.88740273691e-10
479	2.12617272416
480	1.9660466176
481	2.83978793171
482	0.600000000005
483	0.40969179442
484	0.172583752597
485	1.152
486	4.013312
487	0.181499973579
488	2.44513487459
489	1.06433797905
490	2.97852425479
491	0.942912030196
492	4.35891207872
493	0.39038976
494	2.93514712664
495	0.102478949514
496	2.90989446262
497	0.0292997171536
498	1.99437596164
499	0.600000000289
500	0.370585057146


input.jscbt9wll2.gz

451	4.02385581742
452	3.819215903
453	0.844562553699
454	4.38878107712
455	0.537817768863
456	0.601369848404
457	0.60001118258
458	0.146499358343
459	0.815156646801
460	0.00410304065781
461	1.21920000017
462	0.00687228856366
463	1.08942114703
464	0.689148947155
465	1.74977426374
466	1.20047018498
467	0.960497974305
468	0.20738632435
469	4.17948270052
470	2.67995942127
471	2.0
472	0.211530428515
473	3.14396392743e-32
474	1.37762646057e-05
475	2.65950127237
476	2.2979232057
477	7.60083439956e-15
478	1.73716178651
479	2.25123708625
480	1.67782093597
481	2.83337290124
482	0.360000047791
483	0.218279838324
484	0.162898555819
485	1.152
486	4.07552
487	1.7464479898
488	0.455556246291
489	1.12033922492
490	3.23355422039
491	1.0915247384
492	4.17491449856
493	0.0854936947009
494	2.90211052227
495	0.263619270371
496	2.88657718656
497	0.0228506749022
498	1.98062557698
499	0.600000002228
500	0.607053822484


input.jscbt9wls1.gz

451	4.19830147107
452	0.257450888081
453	4.42965036769e-07
454	4.60739927176
455	2.69987655815
456	3.97772946465e-15
457	0.406662435089
458	2.73507352191e-128
459	2.3172126566
460	1.07690865893e-05
461	1.45331222107
462	1.84908688227
463	0
464	0
465	6.8441423674e-35
466	0.432
467	0.229071646588
468	0.000282243635195
469	3.30752
470	0.764321033513
471	0.0559872
472	0.217407678447
473	2.84298938311e-138
474	6.0935974001e-05
475	0.0730229765467
476	0.134056745016
477	6.95350618087e-58
478	7.87016613774e-90
479	2.37383597763
480	0.00130770698619
481	3.00590602572
482	0.00130606950555
483	0.000233550287553
484	2.73671061383e-15
485	3.2
486	4.013312
487	9.73123883297e-24
488	0.00411132520394
489	0.0777610521416
490	2.4201582425
491	4.77519666597e-08
492	4.2126420015
493	4.45583151295e-09
494	4.29294072885
495	1.36636997112
496	1.41756524382
497	0.360000000064
498	0.815190383002
499	0.600000047752
500	0.00364402357417


input.jscbt9wls2.gz

451	4.18710688
452	0.443465372343
453	2.50635989005
454	0.263541015906
455	2.51172551661
456	1.0013060694
457	0.437770688231
458	8.1494429417e-14
459	0.00078390747971
460	9.87614251434e-07
461	1.05331236846
462	0.698579148443
463	0
464	0
465	1.05377375024e-29
466	1.2
467	0.6923120863
468	0.0168977543381
469	3.30752
470	2.02956372529
471	0.2592
472	0.360383718704
473	0
474	3.55842330372e-64
475	1.07960814835e-23
476	0.220601048255
477	1.55014872219e-64
478	4.42147839441e-07
479	2.27544537441
480	6.48281733742e-21
481	2.92940776322
482	0.046656047752
483	0.000121871948002
484	2.07891363406e-10
485	3.2
486	4.013312
487	2.36914203762e-05
488	0.00130608688456
489	0.0467576395462
490	2.95261673501
491	8.02049672331e-10
492	3.20213371759
493	0
494	0.645334375742
495	1.26092782291
496	3.47061111356
497	6.93680834826e-07
498	0.75654844416
499	0.600000003713
500	3.69323312272e-05


input.Mer9Wt0.gz

451	2.0
452	0.370077828644
453	1.71036144816
454	1.28416541792
455	0
456	0
457	0.000101560129915
458	0.96094039862
459	0.0510103825758
460	0.413194883152
461	2.032
462	0
463	0
464	0
465	1.37878017165e-17
466	2.1296
467	3.26735650402
468	2.0
469	1.2
470	1.21679616
471	1.38411649723e-84
472	0
473	0
474	0
475	0.046656
476	1.05180126915
477	0
478	1.719073736e-08
479	0.0316258022291
480	0
481	3.02462325694e-22
482	0
483	5.68605760599e-06
484	0.362176782336
485	3.2
486	3.20000568606
487	0.822288089161
488	1.31624591221e-05
489	0.0102000101007
490	2.60629071366
491	3.65615856577e-05
492	0
493	0
494	0.737146930771
495	0.129600000008
496	2.05256833247
497	1.406656
498	0
499	0
500	0.216


input.Mer9Wt1.gz

451	1.03144247985e-08
452	0.0100787194904
453	1.28626779188
454	1.3924052122
455	0
456	0
457	1.39197046121e-05
458	1.60056422198
459	0.00499500458678
460	0
461	0
462	0
463	0
464	0
465	0
466	0
467	0.600282110991
468	0.259200000003
469	0
470	0
471	6.07001996744e-70
472	0
473	0
474	0
475	1.35760216613e-13
476	2.41600284303
477	0
478	0.845792012411
479	0.07776
480	3.88963647012e-153
481	0
482	0
483	0.00156728328192
484	0
485	0
486	0
487	1.6
488	2.84302880299e-06
489	1.1296
490	3.65615847777e-05
491	0.0060466176
492	0
493	0
494	2.45865609915
495	1.00000473838
496	1.0888643725e-22
497	0
498	0
499	0
500	0.0279936


input.Mer9WtdMr.gz

451	0.1296
452	1.16024056972
453	0.534703576376
454	0.816000000802
455	0
456	0
457	3.82678861153e-05
458	1.62017732903
459	0.00177662284271
460	0
461	0
462	0
463	2.21706575263
464	0
465	4.77519666597e-08
466	0
467	0.044789760001
468	0.432000000027
469	5.75336719843e-38
470	0
471	3.14396392743e-32
472	0
473	0
474	8.02049672331e-10
475	0.607352687002
476	2.816
477	0
478	1.20306505955
479	0.07776
480	1.37876105424e-149
481	0
482	0
483	1.2
484	0
485	0
486	0
487	1.6060466176
488	6.0935974001e-05
489	1.6
490	0.600470184985
491	1.72
492	6.2394498255e-30
493	0
494	0.0608522745974
495	1.07776
496	1.80775220529e-87
497	0
498	0
499	0
500	0.07776


input.Mer9Wtnd.gz

451	8.27268102991e-18
452	0.600004738381
453	0.767617647164
454	0.960000017364
455	0
456	0
457	8.2883307719e-05
458	2.03202196694
459	0.00621589450887
460	0
461	0
462	0
463	1.5166027776
464	2.30682884305e-216
465	1
466	0
467	0.0466570234904
468	0.432
469	0
470	0
471	2.37022073236e-25
472	0
473	0
474	4.77519666597e-08
475	1.12960473838
476	2.816
477	0
478	1.36363978259
479	0.07776
480	1.71241934686e-73
481	0
482	0
483	0.0559872
484	0
485	0
486	0
487	1.6279936
488	0.262656
489	0.1057536
490	0.360169266594
491	1.72
492	1.6417802303e-15
493	0
494	2.0348983894
495	1.31621704331e-05
496	0
497	0
498	0
499	0
500	0.36


input.NEnm.gz

451	3.96721239456
452	3.00142691159
453	3.6347387943
454	2.38459886209
455	2.68616961911
456	1.02956088328
457	0.00772072688549
458	0.37529384696
459	0.595856731268
460	1.46725226572
461	2.32
462	0.346762631408
463	1.09853309135
464	0.000470184984576
465	1.74114975512
466	1.2000000001
467	3.76403557495
468	1.22820296178e-06
469	2.69120000446
470	1.20409917906
471	2.0
472	0.262830270553
473	5.97670184487e-198
474	0.34563656182
475	1.60019828251
476	2.21344263803
477	9.47676267664e-06
478	2.64443870014
479	2.34017014272
480	1.05001487549
481	1.49983424533
482	0.0559882236636
483	1.09181626921
484	0.25920284351
485	3.2
486	3.13472
487	3.06322763117
488	2.73857990556
489	2.07297364754
490	3.39987509655
491	2.69331200134
492	3.63789139421
493	2.07903982176
494	3.83153779297
495	0.208358919742
496	2.75798330672
497	1.61679616
498	0.366225576985
499	0.576
500	1.26714646863


input.NEnmLpas.gz

451	3.91640365982
452	3.00124636056
453	3.61681411552
454	2.38349365571
455	2.68251030289
456	1.04759636997
457	0.00481835043749
458	0.37529384696
459	0.595856731268
460	1.4859234405
461	2.32
462	0.352277849954
463	1.04701305902
464	0.000470184984576
465	1.73064194843
466	1.2000000001
467	3.76324609215
468	1.22820296178e-06
469	2.69120000446
470	1.20409917906
471	2.0
472	0.262830270553
473	5.97670184487e-198
474	0.34563656182
475	1.60007348564
476	2.21292021026
477	2.63243407685e-05
478	2.6006956802
479	2.34017014272
480	1.05001487549
481	1.49983424533
482	0.0335933436636
483	1.09180164458
484	0.25920284351
485	3.2
486	3.072512
487	3.06038330226
488	2.7384731999
489	2.07297364754
490	3.39600526128
491	2.69331200134
492	3.63789139421
493	2.07903982176
494	3.83153779297
495	0.208358919742
496	2.75798330672
497	1.6279936
498	0.365856951957
499	0.576
500	1.26718980088


input.NENRtm.gz

451	4.66196883209
452	1.88524965192
453	0.16580082334
454	4.89077348883
455	2.359553726
456	1.94569076992e-40
457	2.16926157761e-07
458	1.65030902343e-08
459	0.174948495929
460	7.95868373665e-08
461	1.693312
462	0.706537868286
463	0
464	2.48288333369e-37
465	2.84302880299e-06
466	0.15552
467	3.6578072362
468	2.68158400079e-09
469	0.000364861985495
470	0.723627981008
471	1.57946055086e-05
472	0.176787389784
473	0
474	0.0943374358102
475	0.0719459741445
476	0.754575743866
477	1.89408354773e-10
478	4.81240362363e-10
479	0.970466679281
480	2.21362657603e-07
481	1.73676972513
482	0.00261687718745
483	1.65387086117
484	1.48359781072
485	3.2
486	3.245312
487	0.169584888193
488	1.01336553327
489	2.35296961071e-42
490	0.0373485874434
491	0.720036561584
492	1.08308319919
493	1.4166299046e-90
494	0.756570491411
495	7.76208181046e-12
496	1.37286070655
497	1.48960036846
498	0.720000221363
499	0.36362797056
500	0.000170302929242


input.NENRtmLpas.gz

451	4.66145667107
452	1.88524965224
453	0.16580082334
454	4.89063807555
455	2.35784712865
456	1.94569076992e-40
457	2.16926157761e-07
458	1.65030902343e-08
459	0.174948495929
460	7.95868373665e-08
461	1.693312
462	0.706537868286
463	0
464	2.48288333369e-37
465	2.84302880299e-06
466	0.15552
467	3.66183515568
468	2.68158400079e-09
469	0.000364861985495
470	0.722176792784
471	9.47676372418e-06
472	0.176895720405
473	0
474	0.0943374358102
475	0.0717654422262
476	0.753391574275
477	1.89408354773e-10
478	4.81240362363e-10
479	0.970466679281
480	2.21362657603e-07
481	1.73676972513
482	0.00261687718745
483	1.53636686117
484	1.48359781072
485	3.2
486	3.245312
487	0.151332653657
488	1.01336553327
489	2.35296961071e-42
490	0.0373485874434
491	0.720036561584
492	1.09091910864
493	2.361049841e-90
494	0.762985898334
495	7.76208181046e-12
496	1.37285544168
497	1.48960036846
498	0.720000221363
499	0.362176782336
500	0.000170302929242


input.NEtm.gz

451	4.64123283209
452	2.09425852699
453	0.161905309963
454	4.94241849111
455	2.50304604318
456	4.92534069093e-16
457	9.17004336569e-07
458	7.66918845375e-08
459	0.182973033537
460	3.65620656304e-05
461	1.75552
462	0.724886880916
463	0
464	1.15841404816e-38
465	1.7058172818e-06
466	0.72
467	3.65712636821
468	2.69595120378e-09
469	0.000338533215873
470	0.726046627983
471	4.38739016579e-05
472	0.0950737592119
473	0
474	0.0957306450228
475	0.0375281249521
476	1.17665193303
477	4.93706131635e-09
478	8.02078999325e-10
479	0.73775286297
480	1.03148019102e-08
481	1.46574371163
482	0.0201919537576
483	1.70569520992
484	1.49642218323
485	3.2
486	3.245312
487	0.155699815072
488	1.18337299989
489	1.47888733349e-54
490	0.0373298588319
491	0.720036561584
492	1.18451436082
493	1.4166299046e-90
494	0.752436097756
495	1.68974146049e-14
496	1.33763061373
497	1.48960284303
498	0.720000010377
499	0.60362797056
500	0.000283171943464


input.NRKlm.gz

451	3.79621490666
452	2.97402552031
453	2.61216172966
454	0.581269039093
455	2.23085875977
456	2.00000960312
457	1.09530483219
458	0.600062642029
459	2.19314391827
460	0.0563559421591
461	1.79776
462	0.000787395120544
463	2.95382678532
464	2.21073919721e-07
465	2.70023166836
466	2.046656
467	4.17710597908
468	0.0201773576018
469	4.17920036924
470	0.165658711561
471	2.00106575263
472	1.00761426934
473	0
474	0.00078893406695
475	1.25554531293
476	1.01192381609
477	0.00156728328192
478	1.98345404324
479	0.669623985175
480	0.376796287339
481	0.345642954034
482	0.0121063973704
483	0.211857624708
484	0.23279616081
485	3.2
486	3.2079872
487	3.05480897752
488	0.0027513315866
489	0.353433890172
490	1.58200685317
491	1.32002193695
492	3.98774470741
493	3.22492349748
494	3.25357551484
495	4.38739034038e-05
496	3.51243411297
497	0.000282159544762
498	0.0136336709064
499	0.216060935974
500	0.603847367621


input.NRKprf20.gz

451	3.83255179349
452	2.81775357705
453	2.22673516842
454	0.367596762527
455	1.30885151481
456	2.70922797723
457	0.4968348783
458	1.47129689551
459	2.32621833597
460	0.0809800465645
461	2.2
462	0.000278407969968
463	2.47720823684
464	6.16470964869e-74
465	3.00069205708
466	1.27776
467	4.13930063917
468	2.06417820974e-08
469	4.17920036924
470	0.155903671749
471	2.00000000223
472	1.47865600623
473	0
474	0.0284713663947
475	2.18465540044
476	1.15602630913
477	4.42147839441e-07
478	2.46466541215
479	1.13166497953
480	0.0466560013368
481	0.243676368132
482	0.00604671310394
483	0.294234923779
484	0.00219871928669
485	1.92
486	3.32690432
487	2.99774375716
488	0.263162576116
489	0.359823969718
490	1.6826011046
491	1.72001601552
492	3.99830748394
493	3.25213224656
494	2.25517289113
495	0.0133199358445
496	1.34027924954
497	1.00000476703
498	0.157055937616
499	0.087837696
500	0.612270685732


input.NRKse10.gz

451	3.81317940701
452	0.786107036037
453	2.835773804
454	2.60128757188
455	2.24863838198
456	0.703389696802
457	1.00028801812
458	0.187741325372
459	1.97424416297
460	0.0380713154816
461	1.50976
462	0.000305900255287
463	3.35725535034
464	1.39248661618e-26
465	3.11436085986
466	1.27776
467	4.17122865877
468	0.000203167665352
469	4.1792000001
470	0.0015707404274
471	2.00013812154
472	1.00131554634
473	0
474	7.64112332698e-08
475	0.00672994271471
476	1.00842066415
477	1.23773097582e-08
478	1.81649419621
479	1.23770474475
480	0.21703458816
481	0.201726056408
482	0.171072001337
483	0.149547355281
484	6.09360114215e-05
485	3.2
486	3.245312
487	3.02515245011
488	0.0100913895554
489	1.60097546943
490	1.56261292417
491	1.56010218437
492	4.03913212466
493	2.73087415971
494	2.62888946143
495	0.432000000105
496	3.37278461323
497	2.67549185901e-05
498	0.000564225697478
499	0.360470184985
500	0.0780424381251


input.NRKse20.gz

451	3.90581256138
452	0.124686826551
453	2.94077237262
454	0.82224487125
455	1.7697706924
456	0.493747200042
457	0.000169315308923
458	0.228258165631
459	0.581231468094
460	5.89532199297e-07
461	1.4599936
462	0.0782670949952
463	3.18379838193
464	0.0201574389807
465	3.45644445815
466	1.27776
467	4.17122865877
468	5.68977079892e-06
469	3.30752
470	0.0015707404274
471	2.00605977977
472	1.43200061409
473	0
474	1.85865888736e-06
475	0.142762217407
476	1.00843023523
477	7.48408590245e-11
478	7.75950029367e-12
479	1.23676442983
480	0.5953536
481	0.285247872592
482	1.15552
483	0.191800127572
484	5.0203216113e-20
485	7.41062795772e-19
486	3.245312
487	3.17109747701
488	7.89863897999e-06
489	1.81600000045
490	2.63243407685e-05
491	1.56000792613
492	4.03211603907
493	2.74308736235
494	2.13964858277
495	0.432000268826
496	3.37278461323
497	2.67549188161e-05
498	2.06288495988e-08
499	0.216470184985
500	0.0167990159607


input.pir0Watd.gz

451	1.31945470428
452	0.608457988514
453	2.06904694868
454	3.29358835647
455	3.43783667588
456	4.01199191455e-29
457	0.733470405376
458	0.244860923993
459	0.00446520360427
460	0.00362983684796
461	0.0790163268424
462	0.00124187007616
463	3.67621769355
464	2.64895221685
465	4.52801678459
466	0.720000000005
467	0.0904632179491
468	1.27087446302e-13
469	4.18140777272
470	2.12962105953
471	2.0
472	1.20218916217
473	2.22788486541e-141
474	1.1856256217e-44
475	0.241408116009
476	0.559176976246
477	4.45583151295e-09
478	0.696090810982
479	1.829593675
480	1.96000036846
481	1.79198324378
482	0.129701559994
483	0.424705485791
484	1.60047018766
485	0.0069657034752
486	0.846735794604
487	1.85096215403
488	0.0458466957375
489	0.0826972662546
490	3.03449830963
491	2.45926568426
492	4.00880945616
493	0.783359469122
494	2.98096490613
495	0.981219358739
496	0.32950304635
497	1.00000000008
498	0.172742155897
499	0.0292996694016
500	0.26265600016


input.pir0Wt1.gz

451	2.80657133309
452	1.98201774197
453	0.611568344505
454	0.817956806976
455	2.25623133596
456	0
457	0.0311360844032
458	1.16289748552e-105
459	0.0967532853468
460	0.00369081139702
461	0.0650273405842
462	1.63131270568
463	0
464	0
465	2.19460974873e-05
466	0.720000000481
467	0.0806682895458
468	8.97585895489e-16
469	4.1792
470	2.00000473839
471	0.2592
472	0.0207996222627
473	0
474	0
475	0
476	0.0794345379539
477	4.17210370852e-58
478	9.62459606797e-10
479	1.84339362151
480	0.0777627293077
481	1.87869120526
482	0.000282479447278
483	1.85630918961
484	1.52440616917
485	3.2
486	0.643507200125
487	0
488	0.00364121252871
489	0.00634140327734
490	3.03605509085
491	0.129607897304
492	4.22216271619
493	1.14062085704e-34
494	0.380517273534
495	1.13145267076
496	0.475256933549
497	0.129600000509
498	0.165334423357
499	0.360783641641
500	0.23279616332


input.pir0Wtd2.gz

451	0.639876764075
452	2.94441793335
453	2.01761445057
454	3.33397054816
455	3.43750878759
456	9.88880670749e-83
457	0.129607858052
458	0.295008087645
459	0.69427673168
460	3.81722230156e-09
461	0.0790163268424
462	0.000301968328214
463	3.06913200421
464	2.72462112595
465	0.6
466	0.0559872
467	0.306679123043
468	6.66366771192e-25
469	4.35203717568
470	2.00079215304
471	2.0
472	1.02345146111e-15
473	3.03628742795e-221
474	2.83791811763e-21
475	0.260535538237
476	0.559540852679
477	5.77475764078e-10
478	1.88176375
479	1.88019785396
480	1.970077696
481	1.76228982156
482	0.437929276925
483	0.395928487666
484	1.60047613637
485	0.00250765325107
486	0.846793123169
487	1.75808906667
488	0.00304329693609
489	0.0228779048036
490	2.55624247936
491	2.63228848696
492	4.10633259344
493	1.79825016631
494	1.19978642958
495	1.50016758254
496	0.296138471816
497	1.0
498	2.21920024973
499	0.0282757109907
500	0.078230185001


input.pir0WTTD.gz

451	0.228167763301
452	3.22375709289
453	3.47979772833
454	3.79362167558
455	0.959520439593
456	1.34250654065e-95
457	1.00000473838
458	2.86593417935e-06
459	0.0673627466498
460	3.22209063244e-06
461	0.111800376773
462	0.349992124147
463	0.611058570734
464	1.50387930476
465	0.0279936
466	0.17231616
467	0.133954019109
468	8.87970541575e-22
469	2.58756400655
470	0.012093235203
471	0.000203119913337
472	1.22416303266
473	8.11398337091e-211
474	2.24522960068e-11
475	0.000283816808028
476	0.00208971104741
477	1.60409934466e-09
478	0.417459543168
479	0.995218838073
480	1.0071108223
481	1.15610980352
482	7.48702896188e-11
483	1.24689869203
484	3.34503568935e-06
485	0.000902755170386
486	0.00436508841541
487	0.747714899467
488	0.226077702197
489	1.23615539201
490	2.2115872539
491	0.0201634571311
492	2.27110578304
493	2.04223254946
494	1.49237367022
495	1.37056576177
496	0.000372755121038
497	0.0100777131908
498	7.31231688546e-05
499	1.71907079975e-08
500	0.0187368483649


input.PuLongAuth.gz

451	3.13472001719
452	2.10264320004
453	1.47450355543
454	4.35128394404
455	2.96604666535
456	0
457	0.600470217991
458	6.75312082168e-96
459	0.00441166943914
460	1.38024025206
461	0.755522843029
462	0.816002843032
463	1.42764607742
464	1.71907079975e-08
465	0.056770841641
466	1.2
467	0.00728539303898
468	1.32104384579e-20
469	6.84372514226e-35
470	0.1296
471	1.23773097812e-08
472	0.216000000482
473	0
474	3.85970206131e-19
475	2.56878925417e-14
476	1.60499498212
477	0.000121871948002
478	0.600016818384
479	1.63405314726
480	3.03632952804e-89
481	1.35760216613e-13
482	0.22653997056
483	0.243997011635
484	2.21073919721e-07
485	3.40439548556e-16
486	0.724792320962
487	3.13682057525
488	0.000844577614961
489	0.0211497246749
490	0.286073864228
491	3.4381415995e-08
492	1.26974771235
493	2.94893382883e-26
494	3.5046302132
495	2.4068485469
496	0.8496
497	0.73322797056
498	4.42147839441e-07
499	2.361049841e-90
500	1.1580692363


input.PuLongBase.gz

451	3.13472004775
452	2.10264320017
453	1.48737437257
454	4.35418675171
455	2.56217700341
456	0
457	0.600000647102
458	5.85067667171e-95
459	0.00735274423978
460	1.38123679873
461	0.755524738381
462	0.960000614097
463	2.37654839724
464	4.77519666597e-08
465	0.056770841641
466	1.2
467	0.0934847390262
468	6.19150045368e-20
469	1.85740366414e-28
470	0.6
471	1.59173222305e-07
472	0.216000000482
473	0
474	3.85970206131e-19
475	4.65666527051e-14
476	1.61376661972
477	0.000203119913337
478	0.600000008196
479	1.63406154282
480	6.4577339295e-86
481	1.74588755932e-12
482	0.3153586176
483	0.960203119951
484	7.95866110995e-08
485	1.58835475774e-17
486	1.2079872016
487	3.05094324864
488	0.0466607383813
489	0.0539119411281
490	0.28607391331
491	5.73023599916e-08
492	1.30557952267
493	1.88638087717e-32
494	3.53764365707
495	2.44768026732
496	0.8496
497	0.2500402176
498	2.04698073815e-06
499	6.50790793904e-88
500	1.14015335872


input.PuLongWAuth.gz

451	3.13472004775
452	2.10264320017
453	1.47440721508
454	4.35128398224
455	2.56217691498
456	0
457	0.600101593068
458	5.85067667171e-95
459	0.00735274423978
460	1.37865903752
461	0.755522843029
462	0.960000614132
463	2.37654838915
464	2.86511799958e-08
465	0.056770841641
466	1.2
467	0.0934979305431
468	3.79045699538e-20
469	1.85740366414e-28
470	0.1296
471	5.7302360098e-08
472	0.216000000482
473	0
474	3.85970206131e-19
475	2.82683476691e-14
476	1.60499499313
477	0.000121871948002
478	0.600000003764
479	1.63405312097
480	6.4577339295e-86
481	1.04753253559e-12
482	0.31293997056
483	0.576121871956
484	7.95866110995e-08
485	2.04263729134e-16
486	1.20798720267
487	3.05094324864
488	0.0101142575844
489	0.0323471646768
490	0.286073913365
491	5.73023599916e-08
492	1.3055795216
493	1.88638087717e-32
494	3.50502835128
495	2.4476802243
496	0.8496
497	0.2388427776
498	2.04698073815e-06
499	6.50790793904e-88
500	1.14015333626


input.PuShortAuth.gz

451	0.0466571796384
452	3.32000036849
453	2.10847427752
454	4.58494199747
455	0.9700402176
456	2.63248219983e-05
457	1.05170960496
458	2.24522714952e-11
459	0.00147534398684
460	1.37699825887
461	0.755522843029
462	0.600169266594
463	0
464	0
465	5.22077981726e-08
466	1.2
467	0.0214983279438
468	2.20173974298e-20
469	6.84372514226e-35
470	0.216000000173
471	1.24735060561e-10
472	0.00130643785813
473	0
474	3.47675309044e-58
475	7.13552570603e-14
476	1.60828455698
477	1.62211392187e-59
478	0.216000159173
479	0.391424398123
480	0
481	3.85970206131e-19
482	0.225088782336
483	0.131167725443
484	1.0
485	8.51839104091e-55
486	1.20799288606
487	0
488	1.63758459052e-06
489	0.00362841270784
490	0.259258498588
491	0
492	1.72000473838
493	2.17216346581e-13
494	2.70232147002
495	0.36
496	2.60142807179
497	1.176256
498	1.57946044611e-05
499	2.45420830973e-100
500	1.15444707858


input.PuShortBase.gz

451	0.360059036722
452	3.32000061413
453	2.4301329569
454	4.57865624049
455	0.9521243136
456	0.000564269733458
457	1.14363838929
458	3.68456535171e-07
459	0.00296043856898
460	1.37859881982
461	0.755524738381
462	0.600001705817
463	0
464	0
465	3.66188867606e-05
466	1.2
467	0.184077297147
468	6.18315758066e-20
469	1.85740366414e-28
470	1.00000000619
471	4.42147839934e-07
472	0.600169289974
473	0
474	1.53657080572e-45
475	1.2935181307e-13
476	1.62290408203
477	4.50587200521e-59
478	0.0060466202735
479	0.453642797485
480	0
481	1.37878017165e-17
482	0.31293997056
483	0.149771186604
484	1.0
485	1.15645861291e-67
486	3.29343387195
487	0
488	2.23054071732e-05
489	0.0100781381478
490	0.259362496513
491	0
492	1.72000473838
493	1.29325004394e-11
494	3.55664823111
495	0.36
496	2.64934403432
497	0.89376
498	4.38739012808e-05
499	6.76468639736e-98
500	1.13789009054


input.ric9dpn.gz

451	2.64614571992
452	3.49924579596
453	2.49748234173
454	4.84632288259
455	2.30967303243
456	3.93679394129e-109
457	0.475369488025
458	0.0479520348071
459	2.36586156666
460	0.360002984571
461	2.0320078973
462	0.397801335939
463	3.45972949135
464	0.226077696665
465	0.441750792649
466	1.2
467	2.27491528731
468	0.000565929135957
469	4.1792
470	2.15926245355
471	2.00000007959
472	0.738373056758
473	5.57463364652e-48
474	9.90184780862e-09
475	0.0397206178682
476	2.31838904674
477	1.28656735377e-18
478	2.30282971712
479	2.27483550811
480	1.00045145399
481	2.13110873294
482	0.3660466176
483	2.17438643611
484	0.336960881636
485	3.2
486	4.1792
487	1.82137630689
488	0.0836693620941
489	1.47685867902
490	2.31096299374
491	2.2026121388
492	3.7920092898
493	2.06759674026
494	2.73789260433
495	2.32506955902
496	2.74078385713
497	0.0168009155936
498	0.872511159957
499	1.00000000029
500	0.131032409338


input.ric9dpx.gz

451	2.66916533245
452	3.50185717447
453	2.28148324227
454	4.45394872964
455	1.49659749884
456	0
457	0.0467900694577
458	6.13188842846e-07
459	0.0320560701566
460	0.000282859957937
461	1.47520170582
462	0.139135958817
463	1.33104077881
464	0.360783641967
465	0.216
466	0.093312
467	0.263093554731
468	2.65289751199e-07
469	3.63202632434
470	2.10678813961
471	2.0
472	2.6821716122
473	0
474	7.77938086909e-21
475	0.294897136172
476	1.48072219907
477	1.35819241665e-32
478	2.4463230572
479	2.43863025842
480	1.00152467037
481	2.49267965375
482	0.0100797432701
483	2.2194446962
484	0.0173336577489
485	0.053747712
486	2.095675392
487	1.21802840467
488	0.0471764831006
489	1.40692867173
490	3.18600113763
491	1.6752
492	3.83195479271
493	1.20000892079
494	3.86109665322
495	2.37404716043
496	1.08239384703
497	1.00000790102
498	0.443853076313
499	0.21600102349
500	0.129662652114


input.ric9dpxL.gz

451	2.66916533245
452	3.50185717447
453	1.41801570953
454	4.45394872964
455	1.49659749884
456	0
457	0.0467900694577
458	6.13188842846e-07
459	0.0320560701566
460	0.000282859957937
461	1.47520170582
462	0.139135958817
463	1.33104077881
464	0.360783641967
465	0.216
466	0.093312
467	0.263093554731
468	2.65289751199e-07
469	3.63202632434
470	2.10678813961
471	2.0
472	2.6821716122
473	0
474	7.77938086909e-21
475	0.294897136172
476	1.48072219907
477	1.35819241665e-32
478	2.4463230572
479	2.43863025842
480	1.00152467037
481	2.49267965375
482	0.0100797432701
483	2.2194446962
484	0.0173336577489
485	0.053747712
486	2.095675392
487	1.21802840467
488	0.0471764831006
489	1.40692867173
490	3.18600113763
491	1.6752
492	3.83195479271
493	1.20000892079
494	3.86109665322
495	2.37404716043
496	1.08239384703
497	1.00000790102
498	0.443853076313
499	0.21600102349
500	0.129662652114


input.ric9dsx.gz

451	2.6948558299
452	3.58332496805
453	2.75504748884
454	4.46009850321
455	3.10769749859
456	0
457	0.00102332394075
458	4.57705124092e-06
459	0.0537349608574
460	0.001412405455
461	1.75552004775
462	0.181521307831
463	0.631000707727
464	0.360060935987
465	0.2160000111
466	0.020155392
467	0.563188925185
468	9.62541062927e-10
469	0.000228391280746
470	2.0890603096
471	2.0
472	1.76740829751
473	0
474	4.76506427323e-18
475	0.541041601499
476	1.80154540045
477	9.85068138183e-16
478	2.56720679627
479	2.44220653281
480	0.600100226866
481	2.47358870202
482	0.0933121340435
483	2.60543948164
484	0.285123411809
485	0.1492992
486	2.7471872
487	1.04365259001
488	0.231674380761
489	1.42648420596
490	3.37984760012
491	2.13016422198
492	3.36648970544
493	3.62954790833e-22
494	4.13698850441
495	2.72404477667
496	1.57291520031
497	1.00000789866
498	0.725717761189
499	0.43776
500	0.360007946404


input.ric9tpx.gz

451	3.39845061943
452	2.45092818369
453	4.3582060111
454	4.83925341412
455	2.86458737597
456	6.63516398861e-27
457	0.0778209940794
458	1.63807937084e-06
459	0.000760476339585
460	0.782959706672
461	1.61948211099
462	0.409616750439
463	1.1149267293e-47
464	0
465	1.31746401719e-05
466	0.15552
467	1.00453657063
468	9.55039333223e-08
469	2.24884147676
470	0.509813047425
471	0.00725594112
472	1.26956786032
473	0
474	0
475	0.113272083776
476	0.23854631767
477	1.06021798986e-100
478	5.10802387257e-43
479	1.67034618039
480	2.38863639936e-27
481	2.65627522835
482	0.216479661747
483	1.27389485717e-69
484	4.59881516789e-17
485	1.152
486	2.272512
487	0
488	0.00587359831058
489	0.0279938275398
490	3.14672671538
491	3.13246789036e-08
492	4.42051066714
493	7.31221549153e-137
494	4.19529900638
495	3.8696753834
496	0.896288385329
497	1.167671296
498	0.155545815045
499	1.35306269171e-05
500	0.217253827211


input.rmitNFGweb.gz

451	3.4838277282
452	0.0790177004759
453	0.994983954551
454	0.0121036116853
455	2.71520433226e-13
456	0
457	1.05567144438e-14
458	0.010077696
459	0.110144721584
460	0
461	1.478656
462	2.74569699362e-63
463	1.30094807384
464	0
465	2.93242067884e-14
466	2.0
467	3.49644266277
468	5.73023599916e-08
469	4.42147839441e-07
470	0
471	1.09732441403e-24
472	1.91580504142e-36
473	0
474	0
475	0.0581639997058
476	0.129769266594
477	0.00725594112008
478	7.71940751687e-19
479	0.101355077289
480	1.73910823279e-209
481	1.71907079975e-08
482	1.76626205767e-81
483	0.0777647383813
484	0.6
485	1.52806293311e-07
486	1.30752204698
487	0.0537619239148
488	0.00362805015469
489	3.90713896248e-17
490	1.38949274207e-19
491	4.7936117563e-207
492	3.81512604456e-82
493	5.77513387971e-07
494	1.46979605757
495	0
496	1.35926291622
497	1.01007771319
498	7.7793808049e-21
499	0.000169266594447
500	7.69967685438e-10


input.rmitNFLweb.gz

451	3.48339614697
452	0.0798605611286
453	0.994983954551
454	0.727035424324
455	1.25703904271e-12
456	0
457	1.05567144438e-14
458	0.010077696
459	2.16093911247e-20
460	0
461	1.478656
462	1.62211392187e-59
463	1.30094807384
464	0
465	2.93242067884e-14
466	2.0
467	3.66924259283
468	5.73023599916e-08
469	3.41163456361e-06
470	0
471	5.11967683493e-26
472	5.36302800076e-38
473	0
474	0
475	0.0581640111701
476	0.129769266594
477	0.00725594112038
478	7.71940751687e-19
479	0.101355075803
480	1.33155882119e-206
481	1.71907079975e-08
482	2.30686082872e-84
483	0.129604738381
484	0.6
485	2.54677155518e-07
486	1.30752073691
487	0.0537619239148
488	0.0036280187932
489	3.90713896248e-17
490	1.10585018489e-26
491	2.85399267231e-205
492	2.32478421462e-86
493	5.77513387971e-07
494	1.46979605757
495	0
496	1.35926291622
497	1.01007771319
498	4.66762848294e-21
499	6.14094221446e-07
500	1.26397895241e-10


input.rmitWFGweb.gz

451	2.00362797056
452	2.76158547693e-33
453	0.0120932352484
454	7.966251298e-08
455	0
456	0
457	0
458	3.35772556996e-115
459	1.37344537604e-82
460	0
461	0.15552
462	0
463	0.0933312924989
464	0
465	9.80830258921e-62
466	0
467	0.00363586786223
468	0
469	4.23718671854e-62
470	0
471	1.0888643725e-22
472	4.02751962196e-96
473	0
474	1.42763655231e-92
475	0.000101560759502
476	0
477	0
478	1.91580504145e-36
479	5.15945462262e-28
480	0
481	9.00782763852e-40
482	0
483	1.33157728412e-74
484	5.59620928327e-115
485	0
486	2.65288703793e-07
487	8.27268102991e-18
488	1.10585018489e-26
489	3.42335030901e-54
490	6.95350618087e-58
491	0
492	2.37018786817e-157
493	7.95866110995e-08
494	0.0647649389496
495	4.84968766479e-12
496	0.000101562184584
497	2.86592628087e-08
498	0
499	2.29796695275e-17
500	5.66194051067e-52


input.rmitWFLweb.gz

451	2.13322798294
452	0.00494334954155
453	0.0898571359154
454	0.667806339243
455	0
456	0
457	1.71904696405e-140
458	0.36
459	1.31621703842e-05
460	0
461	1.15552
462	1.19483745853e-46
463	0.149919306325
464	0
465	1.08046955624e-20
466	2.0
467	2.21369187965
468	4.45583151295e-09
469	1.23773097582e-08
470	0
471	1.82887402188e-24
472	1.14062085704e-34
473	0
474	0
475	0.000101560759219
476	6.23673825204e-11
477	2.93242067884e-14
478	8.41270346442e-25
479	0.139699712537
480	0
481	1.93069008027e-38
482	6.8436302509e-167
483	3.82994492125e-17
484	1.31621703842e-05
485	2.05850776603e-18
486	2.22888439697e-28
487	0.216001770244
488	2.3519470446e-23
489	3.42335030901e-54
490	1.10585018489e-26
491	0
492	7.19677119762e-114
493	7.95866110995e-08
494	0.0647860156385
495	0
496	1.2001015623
497	1.00000002866
498	4.81439029746e-29
499	3.82994492125e-17
500	1.41116822676e-23


input.Sab9web1.gz

451	4.2124379839
452	3.20942030619
453	0.0527788386723
454	2.82771293587
455	0.481964945434
456	1.23773097583e-08
457	0.218647346175
458	2.26307589222e-05
459	2.20209290494
460	6.43349019807e-19
461	1.63359232
462	2.10331830283
463	0
464	0
465	0.000169267698341
466	1.2
467	3.18586177882
468	1.62912289949e-13
469	5.68605760609e-06
470	0.000372386507795
471	0.020155392001
472	0.129600000037
473	0
474	0
475	1.11457801773e-28
476	1.0880044555
477	1.7065589292e-25
478	2.31991150324e-06
479	0.420370064964
480	4.01199191455e-29
481	1.13519472328
482	0.0100776960162
483	4.46553722231e-09
484	1.58752481797
485	5.50102655919e-08
486	1.8435072
487	0
488	0.397273118208
489	3.78577902979e-05
490	0.0688648269462
491	1.16741446195e-40
492	2.06946158324
493	1.3162173876e-05
494	4.19729852885
495	3.919911741e-23
496	3.22284432948
497	3.97298415118e-07
498	0.72
499	2.23054071732e-05
500	0.0252772431598


input.Sab9web2.gz

451	4.19900144265
452	3.60575795475
453	3.65963464415
454	3.97382648362
455	1.06694880725
456	0.262830813597
457	0.167609151708
458	0.00348285173765
459	4.22202002993
460	0.534797395142
461	1.75552
462	1.00003509912
463	1.88720732771
464	1.00002194343
465	1.78032671224
466	2.0
467	3.48056838098
468	1.22952519235e-06
469	1.20108417887
470	0.00798627409457
471	0.722179625365
472	0.739680539029
473	0
474	4.39546656493e-116
475	0.0875740491423
476	1.19159988976
477	2.63243407685e-05
478	2.53105973498
479	1.82672188871
480	0.216
481	0.873492617328
482	0.0100776960162
483	1.4071627949
484	0.010078480665
485	0.000324991861339
486	2.84690432
487	2.20603696031
488	1.08877499983
489	0.0734497813921
490	2.10075213883
491	2.37377274371
492	3.24423536721
493	2.62154258283
494	4.50566704472
495	0.00435364425924
496	3.82304543369
497	0.0113920311604
498	0.260042140176
499	0.360036561584
500	1.010847546


input.Sab9web3.gz

451	3.82458998435
452	3.60838579298
453	3.73334696143
454	4.41606956395
455	1.75667207192
456	0.00436672684238
457	0.151392896899
458	1.3635754476e-07
459	4.13050083143
460	1.64468300753
461	1.75552
462	1.01013863278
463	1.82110086423
464	1.00217686221
465	1.87765558145
466	2.0
467	2.64230466406
468	5.69224626087e-06
469	1.2632797027
470	0.00569641673192
471	0.723628103204
472	0.758063784985
473	0
474	5.59621882938e-115
475	0.0569418319997
476	2.41815841947
477	1.57946044611e-05
478	2.51922702285
479	1.97155781861
480	0.36
481	0.633492356436
482	0.0279936573024
483	1.10653739182
484	0.00217685682907
485	0.000541653102232
486	2.545467392
487	2.69754698026
488	1.07685046809
489	0.0605375402436
490	2.21448762622
491	2.61619139087
492	3.26070372988
493	2.6050204372
494	4.54873848373
495	0.00725607376435
496	3.73658946858
497	0.678543774285
498	0.439110822298
499	0.360004738381
500	1.64049466666


input.Sab9web4.gz

451	4.19900144265
452	4.08092130298
453	3.66089750127
454	3.9738264778
455	1.30825937013
456	0.276032721607
457	0.240871055963
458	0.157593866916
459	4.13964263463
460	0.608638329101
461	1.75552
462	1.00049212211
463	1.88720732083
464	0.360282111053
465	1.78001144396
466	2.0
467	3.48056336719
468	1.22952519235e-06
469	1.20072265551
470	0.00761560750125
471	0.72604764109
472	0.731878342293
473	0
474	2.15997005062e-133
475	0.0621190909354
476	1.15809783483
477	1.57946044611e-05
478	2.53105973498
479	1.82672188871
480	0.36
481	0.959892602617
482	0.0100776960162
483	1.40718726103
484	0.010078653987
485	0.000541653102232
486	2.52157952
487	2.20603696031
488	1.08877401097
489	0.107034534388
490	2.08310349949
491	2.37460862812
492	2.82143795475
493	2.62147526805
494	4.49508358413
495	0.00435364425861
496	3.82304543369
497	0.0122680089629
498	0.25924111043
499	0.360060935974
500	1.0102577774


input.Sab9web5.gz

451	3.10084086425
452	3.56345477285
453	3.65593675193
454	3.97382624148
455	0.237165979275
456	0.0564579990836
457	0.167609151708
458	0.00348285173765
459	4.22202002993
460	0.534797395142
461	1.11552
462	1.00003509912
463	0.0746161296982
464	1.60001316246
465	0.693254865838
466	2.0
467	2.08802757193
468	1.22952519235e-06
469	1.20108417887
470	0.00798627409457
471	0.722179625365
472	0.135928808177
473	0
474	4.39546656493e-116
475	0.0525444295138
476	1.19159988964
477	7.42638585491e-09
478	2.53105973498
479	1.82672188871
480	0.216
481	0.873492617328
482	0.000101559957929
483	1.4071627949
484	0.00362825303941
485	0.000324991861339
486	2.84690432
487	2.20603503312
488	0.653281521433
489	0.0734497813921
490	2.10075213883
491	2.36826364622
492	2.08666812263
493	1.35372735574
494	4.50566704472
495	0.00435364425924
496	3.82304543369
497	0.0113920311604
498	0.156025284106
499	0.000284954019549
500	1.010847546


input.Scai9Web1.gz

451	0.105484076791
452	0.772597529197
453	0.260617107053
454	3.53961391349
455	1.71907079975e-08
456	0
457	0.00177699184944
458	0.0448510890493
459	1.20130607991
460	1.30087661212
461	0.000639456034855
462	1.34713546244e-11
463	0.64338965222
464	0.000470184984576
465	0.0167961600374
466	0.432
467	3.2593297072
468	5.81962519775e-12
469	2.4300120389
470	2.77260719178
471	2.04698073815e-06
472	0.936169266698
473	0
474	2.8762071626e-75
475	0.00827930369046
476	2.10893706938
477	2.31679597245e-170
478	4.63164247358e-19
479	1.62213300512
480	1.07213946177e-18
481	4.89119847529e-14
482	2.04699421179e-06
483	5.82190544807e-12
484	1.05598770333
485	3.30061593552e-08
486	0.0335957316795
487	1.09204126055
488	3.68456532868e-07
489	0.0295828213234
490	1.91765785854e-08
491	1.2
492	0.259321871948
493	1.38949274207e-19
494	3.10325836491
495	1.01809367618
496	1.29455938484
497	1.0956466176
498	2.52271173861e-60
499	0.600000000289
500	0.110108167501


input.Scai9Web2.gz

451	0.093694531269
452	1.29179965015
453	5.86484135768e-14
454	3.53788173741
455	5.26344545553e-28
456	0
457	0.00177699184944
458	0.0448510890493
459	2.00050684598
460	1.30087661212
461	0.000639456034855
462	1.34713546244e-11
463	1.74418965536
464	0.002176782336
465	1.47824463144e-35
466	0.432
467	3.25985213496
468	1.60409934466e-09
469	2.32780740502
470	2.77260719178
471	2.04698073815e-06
472	0.936169266698
473	0
474	2.8762071626e-75
475	0.013812711463
476	2.10893722748
477	2.31679597245e-170
478	4.63164247358e-19
479	1.25500610413
480	1.07213946177e-18
481	4.89119847529e-14
482	2.04699421179e-06
483	5.82190544807e-12
484	0.607255942216
485	3.30061593552e-08
486	4.3878360604e-05
487	1.09204126055
488	3.68456532868e-07
489	0.0295828213234
490	1.91765785854e-08
491	1.2
492	0.000940369969152
493	1.38949274207e-19
494	3.10325836491
495	1.01661893813
496	1.29455938484
497	1.73177678234
498	2.52271173861e-60
499	0.600000000289
500	0.110108167501


input.Scai9Web4.gz

451	0.105542983567
452	1.23585049796
453	0.00435356838699
454	3.53911066656
455	5.26344545553e-28
456	0
457	0.00177699184944
458	0.0448510890493
459	1.20078483078
460	1.30087661212
461	0.000639456034855
462	1.34713546244e-11
463	0.643389655363
464	0.002176782336
465	0.000282110990746
466	0.432
467	3.29462043028
468	3.46485458447e-10
469	2.54708552667
470	2.77260719178
471	2.04698073815e-06
472	0.936169266698
473	0
474	2.8762071626e-75
475	0.00496173038443
476	2.10893722748
477	2.31679597245e-170
478	4.63164247358e-19
479	1.56500211862
480	1.07213946177e-18
481	4.89119847529e-14
482	2.04699421179e-06
483	5.82190544807e-12
484	1.0120934164
485	3.30061593552e-08
486	0.00435925085434
487	1.09204126055
488	3.68456532868e-07
489	0.0295828213234
490	1.91765785854e-08
491	1.2
492	0.0559872074264
493	1.38949274207e-19
494	3.10325836491
495	1.01812040944
496	1.29455938484
497	1.09564661762
498	2.52271173861e-60
499	0.600000000289
500	0.110108167501


input.tnout9f1.gz

451	3.55095576011
452	3.23657132083
453	3.39597215749
454	0.782654269927
455	2.21921986744
456	1.58117951691e-05
457	1.06115504944
458	0.489605873823
459	2.90285640106
460	0.0365496067532
461	1.936
462	0.216000003713
463	1.7880751051
464	0
465	2.64822203969
466	2.00217678234
467	3.99186007082
468	0.00435369731643
469	3.07468878367
470	0.287475710991
471	2.12966093597
472	1.00167054923
473	0
474	6.03378760844e-13
475	2.79100499717
476	1.61102912096
477	0.00725594112
478	0.823906085857
479	0.796680765959
480	0.0279939692596
481	0.235053316205
482	0.0372202905681
483	0.852036476818
484	0.36055618746
485	3.2
486	2.784512
487	3.56736713
488	0.436235147713
489	2.09184653993
490	0.850792838934
491	2.20006094043
492	3.83949713286
493	1.88354540793
494	2.83073939862
495	7.65564252066e-07
496	3.6662397947
497	5.00023346968e-08
498	0.00127889312743
499	0.601306069402
500	1.10139285432


input.tnout9t2.gz

451	3.57606035689
452	0.967775257631
453	2.45517376585
454	4.38753392682
455	2.38336002886
456	3.29335884017e-176
457	0.00742276766193
458	0.00441161222343
459	0.22065657059
460	1.09459926012
461	2.032
462	0.235642087768
463	0
464	0
465	2.86512288695e-08
466	1.2
467	0.741691055367
468	3.43814168171e-08
469	2.04672
470	2.07780398437
471	0.432
472	0.00363689164425
473	0
474	6.87021264493e-102
475	0.0088730683486
476	1.41802315074
477	2.03903225902e-203
478	4.05968894279e-09
479	2.22344695735
480	0.000101559956668
481	0.437867604312
482	4.73918629798e-06
483	2.71091933728e-09
484	0.0086587564032
485	3.2
486	3.552512
487	0.002176782336
488	0.0323567581066
489	0.142163420289
490	2.74913987776
491	0.00362797108613
492	3.6699363787
493	3.69034008632e-07
494	2.53290011761
495	4.81276725107e-10
496	1.87925336553
497	1.43776
498	0.259200132645
499	1.6
500	0.00362800588605


input.tnout9t2lc10.gz

451	3.57606035689
452	0.967775257631
453	1.49916736585
454	4.38753392682
455	1.43001602886
456	3.29335884017e-176
457	0.00267219635829
458	0.00441161222343
459	0.22065657059
460	1.09459926012
461	2.032
462	0.235642087768
463	0
464	0
465	2.86512288695e-08
466	1.2
467	0.741691055367
468	3.43814168171e-08
469	2.04672
470	1.27780398437
471	0.432
472	0.00363689164425
473	0
474	6.87021264493e-102
475	0.0088730683486
476	1.41802315074
477	2.03903225902e-203
478	4.05968894279e-09
479	2.22344695735
480	0.000101559956668
481	0.437867604312
482	4.73918629798e-06
483	2.71091933728e-09
484	0.0086587564032
485	1.92
486	3.552512
487	0.002176782336
488	0.0323567581066
489	0.142163420289
490	2.74913987776
491	0.00362797108613
492	3.6699363787
493	3.69034008632e-07
494	2.53290011761
495	4.81276725107e-10
496	1.12904536553
497	1.43776
498	0.0933121326446
499	0.96
500	0.00362800588605


input.tnout9t2lc50.gz

451	2.14563688063
452	0.435254992618
453	1.62633525989
454	4.38753392682
455	1.43001604811
456	3.29335884017e-176
457	1.00095446755
458	0.00441161222343
459	0.22065657059
460	1.09459926012
461	0.158008320001
462	0.141500647768
463	0
464	0
465	2.86512288695e-08
466	0.72
467	0.445014826884
468	3.2
469	2.04672
470	0.276012020884
471	0.0120932352
472	0.00218570342025
473	0
474	6.87021264493e-102
475	0.0473459914293
476	0.326267641305
477	2.03903225902e-203
478	2.43581758842e-09
479	2.22344695735
480	0.000101559956668
481	0.157661977003
482	1.02378015456e-06
483	1.64151977417e-09
484	0.0086587564032
485	1.152
486	0.767342592
487	0.0013060694016
488	0.435631424312
489	0.0511788313296
490	2.74913987776
491	0.00130606992773
492	2.20196184556
493	3.69034008632e-07
494	1.51974007057
495	2.88766035064e-10
496	0.406458226969
497	0.517593600001
498	0.0933121326446
499	0.96
500	0.00362800588605


input.tnout9t2lk50.gz

451	4.55883524878
452	0.0564089586137
453	0.0250375358975
454	0.506129580634
455	5.51943576976e-19
456	3.84471473842e-216
457	1.01540733409e-42
458	5.15017991016e-43
459	1.54558602979e-41
460	7.66710603781e-41
461	2.17045696766e-40
462	1.65055188663e-41
463	0
464	0
465	9.36325983882e-50
466	1.41178176643e-42
467	3.1169928055e-41
468	3.14533091734e-51
469	4.01322496803e-42
470	9.69406785494e-134
471	3.02593828538e-41
472	2.54745594123e-43
473	0
474	1.73240328925e-142
475	6.21512898723e-43
476	1.62832590744e-40
477	0
478	2.8436037497e-49
479	5.7410972468e-40
480	1.53657080572e-45
481	1.70932128026e-41
482	7.17024263031e-47
483	6.83589550938e-50
484	1.31004312521e-43
485	2.24143576695e-40
486	2.48835233104e-40
487	0
488	2.93728659437e-43
489	9.95781796838e-42
490	1.94059277639e-42
491	5.66159633688e-52
492	7.1960406436e-42
493	3.35002240598e-48
494	1.77416653634e-40
495	1.2230238692e-52
496	1.75406250502
497	2.1921876207e-43
498	2.35297081484e-42
499	1.12071788347e-40
500	2.54123192366e-43


input.UCCS1.gz

451	0
452	2.95520441455e-16
453	2.65896294793e-05
454	2.84302880299e-06
455	0
456	0
457	1.63988171113e-90
458	1.11013018307e-93
459	4.81229803398e-10
460	0.216
461	7.60083439956e-15
462	0
463	0
464	0
465	0
466	0
467	0
468	4.61372165745e-84
469	2.0628849597e-08
470	1.14643272158
471	0
472	0
473	0
474	6.533186235e-23
475	2.38064941083e-19
476	0.000639451579023
477	0
478	2.12303757159e-12
479	0
480	0
481	7.74591299156e-67
482	0
483	2.07891275068e-10
484	0
485	0
486	0
487	0
488	3.77111712814e-13
489	0.721318389193
490	1.01953026576e-71
491	0
492	0.00379724086764
493	4.01373622549e-48
494	3.01488639248
495	1.73242743011e-10
496	1.94567629398
497	1.96
498	0.36
499	6.18856907058e-141
500	1.88637835646e-32


input.UCCS2.gz

451	0
452	4.92534069091e-16
453	2.65896294793e-05
454	9.09798090746e-06
455	0
456	0
457	2.73313618522e-90
458	1.11013018307e-93
459	4.77519666597e-08
460	0.216
461	0
462	0
463	0
464	0
465	0
466	0
467	0
468	0
469	2.0628849597e-08
470	1.14643272158
471	0
472	0.01679616
473	0
474	6.533186235e-23
475	2.38064941083e-19
476	0.000470184984576
477	0
478	2.12303757159e-12
479	0
480	0
481	0.00362797056
482	5.28065211594e-34
483	2.07891275068e-10
484	0
485	0
486	0
487	0
488	1.46682747147e-165
489	0.721318389193
490	1.6992171096e-71
491	0
492	0.093312
493	4.01373622549e-48
494	3.01488639248
495	3.74204295123e-11
496	1.94567629398
497	1.96
498	3.34478018791e-48
499	6.18856907058e-141
500	1.13182701388e-32


input.UCCS3.gz

451	0
452	0
453	0
454	0
455	0
456	0
457	0
458	3.02458131917e-154
459	0
460	0
461	0
462	0
463	0
464	0
465	0
466	0
467	0
468	0
469	0
470	0
471	0
472	0
473	0
474	0
475	0
476	4.64748335457e-199
477	0
478	0
479	0
480	0
481	0
482	0
483	0
484	0
485	0
486	0
487	0
488	0
489	0
490	0
491	0
492	4.28663466455e-131
493	0
494	0
495	0
496	0
497	0
498	0
499	0
500	0


input.UCCS4.gz

451	0
452	0
453	0
454	0
455	0
456	0
457	0
458	5.04096886528e-154
459	0
460	0
461	0
462	0
463	2.56095134287e-45
464	0
465	0
466	0
467	0
468	0
469	0
470	0
471	0
472	0
473	0
474	0
475	0
476	7.80598740207e-201
477	0
478	0
479	0
480	0
481	0
482	0
483	0
484	0
485	0
486	0
487	0
488	0
489	0
490	0
491	0
492	9.5461105081e-121
493	0
494	0
495	0
496	0
497	0
498	0
499	0
500	0


input.uwmt9w10g0.gz

451	2.90764341925
452	1.78336
453	1.14812479651
454	3.65456488182
455	0.562264963186
456	1.25384177747e-45
457	0.850375961642
458	9.11545203287e-06
459	0.122785027854
460	0.600333437542
461	2.622656
462	1.17606196171
463	0
464	8.48465718585e-16
465	0.00245889367323
466	3.51890481461e-14
467	0.289674157051
468	0.202215576471
469	1.20000000755
470	2.87734668829
471	9.47676267664e-06
472	0.6279936
473	3.69882578922e-74
474	1.30271515663e-68
475	9.71365176317e-25
476	1.47522991062
477	4.0763487714e-52
478	1.36881993832e-34
479	2.55293596667
480	2.78852867696e-67
481	2.31435187755
482	0.00078366227272
483	0.000264055887338
484	1.70584422782e-15
485	0.0069657034752
486	4.013312
487	2.13981829898
488	7.58141025092e-06
489	0.00231959163455
490	1.88984005971
491	0.014086200361
492	3.28785224794
493	5.16162625306e-179
494	2.71870585981
495	2.55332066388
496	1.59251613756
497	1.2040301719
498	1.2
499	1.0
500	0.262692694229


input.uwmt9w10g1.gz

451	3.50018856949
452	2.17628213167
453	0.4674226176
454	4.20948595954
455	2.55326827606
456	0
457	1.13570251333e-09
458	0.0376681881735
459	0.0162547708088
460	1.31724865549e-05
461	0.94415616
462	0.678042114719
463	3.29999189612
464	2.64883278396
465	0.294543658833
466	4.59593390551e-17
467	0.291042441013
468	1.16187770807
469	4.47647894202
470	2.0
471	0.72
472	1.01219479516
473	2.37022073236e-25
474	0.01679616
475	0.6
476	1.19197493383
477	0.000121871948002
478	1.53970944131
479	2.05303596679
480	2.21073919721e-07
481	1.78047980259
482	0.00157240759924
483	0.734064233028
484	1.16819659345e-59
485	3.484365992e-22
486	0.187245084672
487	1.10533775196
488	0.0294018037023
489	0.434697816956
490	2.18178664138
491	1.3296
492	2.21602105947
493	0.0201554023144
494	3.26068544612
495	0.896059773683
496	0.21952290816
497	0.00362819173849
498	0.011851370496
499	0.36
500	3.10505368033e-83


input.uwmt9w10g2.gz

451	2.91013696154
452	1.78336
453	1.14812479649
454	3.6545647947
455	0.561854055515
456	8.71753409744e-47
457	0.850062533636
458	8.56064643251e-06
459	0.122785027854
460	0.600333437821
461	2.622656
462	1.176061962
463	0
464	8.48465718585e-16
465	0.00245889367323
466	3.51890481461e-14
467	0.289549759505
468	0.202215576471
469	1.20000000755
470	2.87734352937
471	9.47676267664e-06
472	0.6279936
473	3.72756418607e-76
474	1.31283673231e-70
475	9.63246671846e-25
476	1.47522933554
477	1.91663798421e-55
478	8.65326109696e-35
479	2.55293588076
480	1.67311720618e-67
481	2.31435187755
482	0.000783654020016
483	0.000264055887338
484	1.70584422778e-15
485	0.0069657034752
486	3.9759872
487	2.13969648877
488	7.58141023966e-06
489	0.00139175993165
490	1.88984005971
491	0.014086200361
492	3.28785247226
493	5.20173002539e-181
494	2.71847373116
495	2.55332066483
496	1.59251613493
497	1.17730606969
498	1.2
499	1.0
500	0.262692694229


input.uwmt9w10g3.gz

451	3.50932570917
452	2.17628213167
453	0.4674226176
454	4.2094859594
455	2.55178664844
456	0
457	1.47187321247e-10
458	0.0376681881629
459	0.0162547708088
460	1.31724865549e-05
461	0.94415616
462	0.677929268121
463	3.29560160368
464	2.64883278396
465	0.294543658833
466	4.59593390551e-17
467	0.29103934903
468	1.16187770807
469	4.47647894202
470	2.0
471	0.72
472	1.00735751827
473	2.37022073236e-25
474	0.01679616
475	0.6
476	1.19193589907
477	7.31231688013e-05
478	1.53970944131
479	2.05303596528
480	2.21073919721e-07
481	1.78047980259
482	0.00157240053816
483	0.733876159034
484	2.52306741363e-60
485	7.97618424645e-14
486	0.187245084672
487	1.10533775196
488	0.0294018036921
489	0.434697816956
490	2.1830317748
491	1.3296
492	2.21602105947
493	0.0201554023144
494	3.26068484552
495	0.896059773683
496	0.21952290816
497	0.0301704109872
498	0.011851370496
499	0.36
500	1.8630322082e-83


input.uwmt9w10g4.gz

451	3.59192681297
452	1.0820165315
453	1.72003779893
454	2.22256101102
455	0.623245974635
456	1.73544211708e-87
457	0.0279953677645
458	1.98361600371
459	0.0108187699082
460	0.0905686012556
461	1.29696
462	1.09322967685
463	0
464	1.70661933147e-06
465	2.19369506404e-05
466	2.0
467	0.380776477324
468	5.15704455374e-05
469	3.8912
470	2.78357627044
471	2.12774717847e-16
472	0.115831326255
473	0
474	2.15997005062e-133
475	1.65193574698
476	2.25221542539
477	2.19601748522e-22
478	0.0559902641076
479	2.47842823646
480	5.60767313219e-60
481	1.82873507144
482	0.220353564672
483	3.74072399942e-08
484	1.36000284303
485	0.41472
486	3.92056422198
487	1.05197102049
488	2.85334333939e-06
489	0.0508363777664
490	2.03976739189
491	0.102646043029
492	0.809943833516
493	3.20687349363e-103
494	2.05795293484
495	0.97994254798
496	0.594749730463
497	0.375920033971
498	2.00000594079
499	1.31621703842e-05
500	0.246170461923


input.uwmt9w10g5.gz

451	3.58974236836
452	1.0820165315
453	1.72003537322
454	2.22255124717
455	0.623246633807
456	6.29613290934e-90
457	0.0279939779039
458	1.98361600223
459	0.0108187699168
460	0.0905686012556
461	1.24512
462	1.09322975626
463	0
464	1.70661933147e-06
465	2.19369506404e-05
466	2.0
467	0.380668115032
468	5.15704455374e-05
469	3.8912
470	2.78357556978
471	2.12774717847e-16
472	0.115831325614
473	0
474	7.77589218223e-134
475	1.65193574698
476	2.25220852621
477	4.74339776807e-23
478	0.0559907268708
479	2.47829553125
480	2.01852509937e-60
481	1.82873507144
482	0.220353564672
483	2.93207309522e-08
484	1.36000284303
485	0.41472
486	3.92056422198
487	1.05129303042
488	2.85334333939e-06
489	0.0508363777664
490	2.03976744091
491	0.102646043029
492	0.810524987172
493	1.53105729065e-110
494	2.0497258232
495	0.97994254798
496	0.594747032591
497	0.375882582022
498	2.00000222712
499	1.31621703842e-05
500	0.246170461923


input.xvsmmain.gz

451	4.63408172923
452	1.03818235605
453	0.655418233867
454	2.9880019493
455	2.21678364387
456	3.61394549476e-68
457	0.0567344692693
458	1.42961599375e-07
459	3.9300815631
460	0.0182032299267
461	1.453312
462	1.0036392725
463	4.18683637856
464	6.48272745021e-153
465	1.10492486944e-14
466	0.000203119913337
467	3.92000158862
468	8.17301726508e-07
469	6.3340286663e-15
470	1.20362797056
471	0.72
472	0.00128895469785
473	0
474	2.24522577182e-11
475	2.00008043549
476	1.04826226355
477	0.0559872
478	0.0466587995016
479	1.19546008714
480	9.74975594492e-05
481	0.040467499698
482	0.610077828644
483	0.0400870562739
484	2.00016926659
485	3.2
486	0.49300365312
487	3.32808232374
488	0.0670523358748
489	0.149674770433
490	0.308922883208
491	2.21600000002
492	2.30001308855
493	1.0396389376
494	1.4896812031
495	0.0335924625027
496	2.87055718258
497	0.111558352896
498	0.0560026890268
499	1.010077696
500	0.404659696324


input.xvsmman.gz

451	3.40454191358
452	2.98061910069
453	3.77991805861
454	1.45776886465
455	2.44303050903
456	0.600000000002
457	0.0169654265944
458	8.93838118689e-38
459	3.96676968612
460	0.0304684237961
461	1.453312
462	1.0
463	4.18684608383
464	2.21073919721e-07
465	2.09489263124
466	2
467	2.07776
468	1.36454598765e-06
469	2.6112
470	1
471	1.2
472	0.10681881163
473	0
474	0.0850606690173
475	2.20536214041
476	1.04826226355
477	0
478	0.661969608315
479	1.02060506757
480	4.26825223812e-45
481	0.040467501035
482	0.216
483	1.65017541332
484	0.434176782336
485	1.92
486	1.92
487	2.09633956661
488	0.0671596021938
489	1.08118851175
490	0.373687813676
491	1.13007018498
492	3.22891721179
493	1.09378218498
494	2.80864868462
495	2.65031358109
496	2.43864994356
497	0.289529856
498	0.0933120477522
499	1.010077696
500	0.964197406774


input.xvsmtdn.gz

451	4.52700883921
452	1.05998728513
453	0.637263423631
454	3.45776687648
455	2.43776002865
456	0.60000000001
457	0.146434450093
458	3.00769552413e-07
459	3.99789559642
460	0.011056037449
461	1.453312
462	0.216972640098
463	4.18683638027
464	0
465	1.00003708162
466	2.00000000619
467	3.99205266539
468	1.36306071048e-06
469	1.74588765937e-12
470	1.20362797058
471	0.72
472	0.00222793266968
473	0
474	1.87576338391e-17
475	2.0
476	1.04826226355
477	0.432
478	0.0466576717796
479	1.30058642583
480	0.00967458816
481	0.0405028362815
482	0.610077775587
483	0.0400869678444
484	0.720783641641
485	3.2
486	0.49300365312
487	3.32660778377
488	0.0639819137966
489	0.0954161233949
490	0.308922883208
491	2.21600000001
492	2.44720162522
493	1.4752
494	2.59191473349
495	7.96497405932e-08
496	2.87058137764
497	0.13409058816
498	0.0561238693921
499	1.010077696
500	1.68749719326


input.xvsmtitle.gz

451	4.6453486684
452	1.40015653403
453	0.572881211178
454	0.759581809188
455	0.792000001337
456	1.79668382789e-37
457	0.0567344692707
458	2.07445514103e-06
459	3.92604932603
460	0.0182200067935
461	1.453312
462	1.00165845152
463	0
464	0
465	8.2726816883e-18
466	0.00725594112
467	3.97602376204
468	8.70359467241e-07
469	6.3340286663e-15
470	1.20362797056
471	0.432
472	0.00607151802414
473	0
474	2.62107269434e-183
475	0.03359232
476	1.0480954689
477	1.84388496687e-45
478	2.45483078467e-11
479	1.62898602925
480	4.56645159162e-73
481	0.526923071592
482	0.610077775587
483	5.68610849777e-06
484	2.00078364164
485	1.92
486	0.867059712
487	0
488	0.0371397437273
489	0.0366618331676
490	0.264493951817
491	4.61980611262e-10
492	3.66645549609
493	0.0101508191688
494	1.44941704694
495	4.73838133832e-06
496	2.15290664105
497	0.7524096
498	0.0933120286512
499	1.010077696
500	0.374903836506


input.CWI0001.gz

451	6.43283687944e-19
452	1.23700672553
453	1.02349037963e-06
454	1.24665835229
455	6.14094221446e-07
456	2.90981259887e-12
457	4.74220278416e-06
458	1.09307863009e-89
459	0.000308514774018
460	1.00000288199
461	0
462	0.07776
463	3.02462325694e-22
464	1.02349036908e-06
465	7.60083439956e-15
466	0
467	1.07778466735
468	2.37022073236e-25
469	0.000470184984576
470	4.73838135592e-06
471	1.7594524073e-14
472	4.03023542482e-08
473	0
474	0.046656000104
475	7.71940412263e-19
476	0.400570695744
477	5.73023599916e-08
478	1.68148782921
479	1.0007551441
480	5.44668891369e-42
481	6.13209337494e-05
482	1.32644351832e-07
483	2.32247717764e-14
484	0.010077696
485	0
486	0
487	6.87021257391e-102
488	0.000203119913337
489	5.53165490504e-46
490	1.3600365618
491	1.0
492	3.41163456408e-06
493	1.35760233903e-13
494	2.00312536548
495	0.00131080824492
496	2.46374105121e-35
497	4.3854226259e-118
498	0
499	8.02038551548e-142
500	2.25337138373e-11


input.iit00tde.gz

451	3.22957970083
452	1.44227606195
453	3.74931875813
454	4.96242748328
455	2.46491351579
456	0
457	0.00134029992733
458	2.21587869531
459	1.688928095
460	8.49877378916e-06
461	2.96
462	0.370666101601
463	2.55344282966
464	1.04712664898
465	1.00274619795
466	1.2
467	0.986466495166
468	0.269285595869
469	4.013312
470	0.0568724302488
471	1.2
472	0.0436745649091
473	1.16741446195e-40
474	1.04479098819
475	0.285790296013
476	1.70675989467
477	2.24620193718e-30
478	2.19861775022
479	1.79418247337
480	0.360752375562
481	2.58190920895
482	0.0342094841944
483	0.707183416714
484	1.21737919257
485	4.21189452295e-05
486	1.984512
487	1.77782601321
488	0.102557339587
489	0.63154348982
490	2.07627975346
491	0.8592
492	4.0948748336
493	2.57069699113
494	4.55728550842
495	2.41922238209
496	0.00469058230849
497	1.00010170979
498	1.29144678349
499	0.000101588607848
500	1.61036019265


input.NEnmLsa.gz

451	2.75340999582
452	2.97696767607
453	2.98086765094
454	1.43080091807
455	1.51694574874
456	1.01041622919
457	0.00463243613362
458	0.37529384696
459	0.595876118069
460	1.78200916528
461	1.47520000004
462	0.428474024242
463	1.29888990849
464	0.000470184984587
465	0.701970786848
466	0.720000000062
467	3.7668264428
468	7.36927584623e-07
469	2.69120000446
470	0.722459916825
471	1.2
472	0.416372401895
473	4.64748335457e-199
474	0.207381937035
475	0.960072193465
476	1.06057782864
477	5.68605760599e-06
478	2.7938059305
479	2.34017014267
480	1.05001471664
481	1.49983350218
482	0.00435458822474
483	1.17734555627
484	0.0335933435943
485	1.152
486	1.880832
487	1.23908465117
488	1.6827472384
489	2.07296810552
490	0.790401603595
491	2.65598720134
492	3.54567986002
493	1.27729855584
494	3.27375360547
495	0.125015440292
496	2.99798330672
497	1.96
498	0.352916877094
499	0.3456
500	1.27357671166


input.PuShortWAuth.gz

451	0.2160758843
452	3.32000061413
453	2.19905865667
454	4.58494199659
455	0.9521243136
456	0.000564232295916
457	1.08618271242
458	3.71319520949e-09
459	0.00296043196775
460	1.37474857827
461	0.755522843029
462	0.600783641641
463	0
464	0
465	6.18550052959e-07
466	1.2
467	0.165984941613
468	3.78211412236e-20
469	1.85740366414e-28
470	0.216000000802
471	2.65288704157e-07
472	0.360282120893
473	0
474	1.53657080572e-45
475	7.85231879697e-14
476	1.60828470437
477	4.50587200521e-59
478	0.216000020629
479	0.412373890756
480	0
481	8.27268102991e-18
482	0.311488782336
483	0.13221287573
484	1.0
485	1.15645861291e-67
486	2.81338512317
487	0
488	3.50991210246e-05
489	0.00604705974784
490	0.259297497774
491	0
492	1.72000473838
493	6.03378740504e-13
494	2.70445694891
495	0.36
496	2.60142807179
497	0.89376
498	4.38739012808e-05
499	6.76468639736e-98
500	1.13653121202


input.Scai9Web3.gz

451	0.0336220663059
452	1.2876627832
453	1.48726670988
454	3.53785739568
455	8.7724090899e-28
456	0
457	0.00177699184944
458	0.0448510890506
459	1.20078367078
460	1.30087324261
461	0.000752308352631
462	2.22791575647e-09
463	0.656770539766
464	0.000470184984576
465	0.046656047752
466	0.432
467	3.25913430197
468	5.81962519775e-12
469	4.5770460018e-15
470	2.71039413751
471	1.22818844289e-06
472	0.849604738381
473	0
474	6.33402866638e-15
475	0.000690998240821
476	2.1086236377
477	0
478	3.46485458833e-10
479	1.05455646067
480	1.15841404816e-38
481	1.75645751006e-12
482	4.42155922254e-07
483	1.25363284562e-10
484	1.43200473838
485	1.52806293311e-07
486	0.0336017969706
487	1.09205157783
488	3.68456532868e-07
489	0.0510096729181
490	1.67011166337e-08
491	0.010077696
492	2.093312
493	1.36874502845e-34
494	3.09501709794
495	0.152409600001
496	1.28778547999
497	2.08960172301
498	9.01174460809e-59
499	0.600000000802
500	0.110108167501


input.CWI0002.gz

451	0.236155760457
452	0.129769399239
453	2.40761311358e-21
454	4.13813888948e-37
455	0.01679616
456	3.16839126956e-34
457	0.00130631385551
458	7.39488725466e-55
459	6.09359740011e-05
460	4.77519667373e-08
461	6.14094221446e-07
462	2.29835592179e-17
463	1.32644351832e-07
464	0.00156728328192
465	1.0
466	0
467	0.0168011481064
468	0.000203119913337
469	0
470	9.21942483434e-46
471	1.28327947573e-09
472	1.03144247985e-08
473	0
474	0.000101560734719
475	7.69967685437e-10
476	0.130092121949
477	9.55039333194e-08
478	0.0472997945402
479	0.170064419256
480	0.0466560000005
481	0.0782366291849
482	9.96130785953e-66
483	1.04753253559e-12
484	1.30101593952e-68
485	0
486	0
487	5.36302800076e-38
488	4.84990044324e-12
489	1.77312264873e-16
490	1.0013066835
491	2.0
492	2.86511800041e-08
493	1.0
494	9.12549067349e-06
495	0.00223773550071
496	1.12310096859e-30
497	0.01679616
498	0
499	1.41116822676e-23
500	0.012254478336


input.CWI0010.gz

451	0.000104809875282
452	1.08150765214
453	0.295066069402
454	1.00173728679
455	1.03359232
456	1.08046955624e-20
457	0.0467020548502
458	1.38949274207e-19
459	0.0293025124951
460	0.00130606940174
461	0
462	6.38325968319e-17
463	0
464	0
465	2.37344984944e-54
466	0
467	6.90544541145e-05
468	2.5821895179e-66
469	9.49420778025e-117
470	6.14748693979e-07
471	7.1137537302e-45
472	6.73860581154e-31
473	0
474	2.99493591624e-30
475	0
476	0.0247332861338
477	0
478	2.90981259888e-12
479	0.000106299621423
480	1.88637835646e-32
481	0.000169399238829
482	3.85970206647e-19
483	0.00130607315221
484	0
485	0
486	0.000121871948756
487	0
488	0.00363270894134
489	6.23673825204e-11
490	1.6790660694
491	1.56658064972e-116
492	0.0060466176
493	1.02349036908e-06
494	0.0746497274329
495	2.15541673991e-11
496	0.000290376749509
497	2.33381424147e-21
498	9.39948265153e-117
499	1.78689910246e-18
500	0.0466562210739


input.dcu00ca.gz

451	4.042489856
452	2.49072273348
453	2.17127216085
454	4.25298894541
455	0.5066496
456	1.3687457289e-34
457	0.797760047766
458	0.4956466176
459	1.00073349868
460	0.788701689469
461	1.63359232
462	1.56364397577
463	2.08045495795
464	1.96080800897e-42
465	2.843810443
466	2.216
467	1.63216928379
468	0
469	9.80830258921e-62
470	0.1855872
471	2.66753319787e-05
472	1.00000015917
473	0
474	1.41856607533e-05
475	0.137543580058
476	0.215319690429
477	3.49177511865e-12
478	1.78737936693
479	3.44504714815
480	4.54884608479e-06
481	0.0293972911151
482	1.32644351834e-07
483	1.20580397066
484	1.21234885981
485	1.152
486	3.92
487	0.216004738409
488	1.426077696
489	1.28160284303
490	1.80049616499
491	2.00000000017
492	1.21872978613
493	2.00119066983
494	0.64934648064
495	2.61822437885
496	2.10391870242
497	8.59189564365e-16
498	0.720084578742
499	0.61679616
500	0.109896861205


input.dcu00la.gz

451	4.042489856
452	1.49443364422
453	1.38174040768
454	4.25298894541
455	0.5066496
456	1.3687457289e-34
457	0.110108207766
458	0.178432782336
459	1.00073349868
460	0.788701689469
461	1.63359232
462	0.562912513614
463	2.08045495795
464	1.96080800897e-42
465	1.70628641319
466	2.216
467	0.587621577152
468	0
469	9.80830258921e-62
470	0.11135232
471	2.66753319787e-05
472	0.216000159173
473	0
474	8.92079259961e-06
475	0.137543580058
476	0.645494027312
477	3.49177511865e-12
478	1.78737936693
479	3.44504714815
480	4.54884608479e-06
481	0.0176384243311
482	1.32644351834e-07
483	0.48348238244
484	1.72740457998
485	0.6912
486	3.92
487	0.216004738409
488	1.3356466176
489	1.28160284303
490	1.80049616499
491	2.00000000017
492	0.748329786127
493	1.20133509479
494	0.64934648064
495	1.57093479507
496	1.30391870242
497	8.59189564365e-16
498	0.432084578742
499	0.37679616
500	0.109896861205


input.dcu00lb.gz

451	0.873177808896
452	0.896660186529
453	0.528855928059
454	3.55179336644
455	0.182393856
456	1.3687457289e-34
457	0.0051372085439
458	0.064235801641
459	0.600440099205
460	0.788701689469
461	1.63359232
462	0.121589102946
463	0.748963784864
464	1.96080800897e-42
465	0.614263108747
466	2.216
467	0.979338131859
468	0
469	9.80830258921e-62
470	0.11135232
471	2.66753319787e-05
472	0.0466560343814
473	0
474	5.10683787119e-06
475	0.137543580058
476	0.645212320387
477	1.25703904271e-12
478	1.78737936693
479	3.44504714815
480	4.54884608479e-06
481	0.0105830545987
482	1.32644351834e-07
483	0.104432194607
484	1.21236699435
485	0.41472
486	3.92
487	0.216004738409
488	0.480832782336
489	0.768961705817
490	0.648178619396
491	0.720000000104
492	0.731237871676
493	0.720801056874
494	0.389607888384
495	1.55473367705
496	0.782346019796
497	5.15513738619e-16
498	0.259250747245
499	0.1356466176
500	0.0395628700635


input.dcu00lc.gz

451	1.45529634816
452	2.49072273348
453	0.781741188485
454	3.55179336644
455	0.5066496
456	1.3687457289e-34
457	0.0237833687537
458	0.178432782336
459	1.00073349868
460	0.473215746992
461	1.63359232
462	0.0729531276971
463	0.748963784864
464	1.96080800897e-42
465	1.02377184791
466	2.216
467	0.97936928379
468	0
469	9.80830258921e-62
470	0.1855872
471	2.66753319787e-05
472	0.0777600206288
473	0
474	8.51139645198e-06
475	0.137543580058
476	0.129176698348
477	9.77473559614e-14
478	1.78737936693
479	3.44504714815
480	4.54884608479e-06
481	0.0284989288014
482	1.32644351834e-07
483	0.260140201007
484	1.21234885981
485	0.41472
486	3.92
487	0.216004738409
488	0.8556466176
489	0.768961705817
490	1.08029769899
491	2.00000000017
492	1.21872978613
493	2.00119066983
494	0.389607888384
495	2.61822437885
496	2.10391870153
497	5.15513738619e-16
498	0.432050747245
499	0.37679616
500	0.0659381167725


input.Flab9atd2N.gz

451	3.52768176573
452	3.84204759193
453	1.18997300012
454	4.38370165578
455	0.766726936056
456	0
457	0.0481206355784
458	0.20736
459	2.38007933467
460	5.00210451405e-152
461	2.416
462	1.20392142729
463	1.58800637041
464	0.36000002894
465	2.02542592164
466	2.0
467	3.17424667309
468	5.68605761233e-06
469	2.0628849597e-08
470	0.0933485615844
471	0.432001705817
472	2.31180021764
473	0
474	8.08281277465e-12
475	0.000122486147078
476	1.60018707799
477	1.23773120384e-08
478	3.58063552859
479	2.07001600003
480	1.00000040147
481	2.44623800942
482	0.0358056639204
483	1.77599387
484	7.74591299156e-67
485	0.08957952
486	3.725312
487	2.61871531087
488	0.124686922055
489	1.00771220236
490	2.71261026288
491	2.60000001719
492	4.2582053217
493	2.34284685805e-88
494	1.1124589473
495	1.78726643766
496	3.39207571145
497	3.65615973331e-05
498	0.432
499	0.601306069402
500	0.0466701857065


input.Flab9atdN.gz

451	2.64678693069
452	3.7048449915
453	0.967973825554
454	4.61824218328
455	0.810453786753
456	1.17193273382e-107
457	0.0853899240997
458	1.9818016684
459	3.94837781268
460	2.84302880299e-06
461	1.6192
462	0.378873618045
463	1.17588259386
464	0.360000000002
465	0.000282131984715
466	2.0
467	3.18594988084
468	1.23773097582e-08
469	5.92113022371e-16
470	0.0937821849846
471	0.259236561584
472	8.73356433064e-10
473	0
474	6.14094221446e-07
475	0.000122240467106
476	1.12990124735
477	7.36913065736e-07
478	3.67503809646
479	2.05135360001
480	0.360000000013
481	1.60848977309
482	0.0348983902036
483	1.90271711386
484	1.45553885529e-31
485	0.1492992
486	3.725312
487	2.17390358482
488	0.272903058098
489	1.17499533241
490	2.51023568114
491	2.21600061409
492	4.28483788164
493	0.492339206987
494	1.33854830805
495	1.74916212768
496	3.53604291302
497	3.65616442733e-05
498	0.155542013354
499	0.600101559957
500	0.216007610201


input.Flab9atdnN.gz

451	2.52216863095
452	3.56661874754
453	1.62097930709
454	4.16607924173
455	0.489893562433
456	1.28101462724e-196
457	0.360008291633
458	0.0268738846518
459	4.05601917312
460	0.489581991142
461	1.936
462	0.296558485212
463	1.49235055276
464	7.19677119762e-114
465	1.31639192194e-05
466	2.0
467	2.98103535075
468	9.62459606797e-10
469	5.81962519775e-12
470	0.103389696
471	0.432000132644
472	3.20428426431e-10
473	0
474	7.68619433604e-65
475	5.68625331932e-06
476	1.1297834598
477	4.42147839441e-07
478	3.58493878038
479	2.070016
480	0.129660946455
481	1.60838882872
482	0.0240521033479
483	1.85793284461
484	1.00379723715
485	0.053747712
486	2.1315072
487	2.09755494596
488	0.491955609605
489	1.66175743956
490	3.44500076084
491	2.60016948767
492	4.23029481896
493	2.64468983131
494	4.00028325832
495	3.06211824338
496	3.77648384651
497	2.19369811754e-05
498	0.259201050996
499	0.600101559957
500	0.210055094355


input.Flab9atN.gz

451	4.0635701636
452	2.6437568166
453	4.89167992891e-12
454	3.38202483357
455	0.85277661264
456	4.72004752668e-71
457	0.0910708576587
458	8.36922317263e-87
459	3.98347483702
460	4.88736779807e-14
461	1.6192
462	0.370215768226
463	0
464	0
465	1.31632753118e-05
466	2.0
467	3.20932393756
468	0.000564221989575
469	3.46485753967e-10
470	0.0121011325022
471	0.0120932352081
472	0.129600000481
473	0
474	0
475	0.000121872750052
476	0.293879398142
477	3.88997482894e-21
478	0.121471476845
479	1.51461955994
480	3.15613208555e-99
481	1.38356688817
482	0.0183636643558
483	8.21247017071e-35
484	3.81512604456e-82
485	1.152
486	3.725312
487	0.0400773828621
488	0.0380723211984
489	7.1689253494e-179
490	0.0437717386054
491	1.60447645637e-09
492	4.42187643802
493	0
494	3.06183796581
495	2.19268881704
496	2.51901075931
497	1.08380661777
498	0.72
499	0.600470184985
500	0.00604665243983


input.hum9td4.gz

451	4.06914318631
452	0.788973816209
453	1.42629255621
454	4.26418505349
455	2.44069166432
456	5.90775833714e-129
457	0.332262268125
458	1.70659042001e-06
459	0.696219056865
460	0.01679616077
461	1.75630364164
462	0.00281625362534
463	4.34992613238
464	2.07926918931
465	0.131212185744
466	1.2
467	2.14289590353
468	6.01321061995e-07
469	1.44479232
470	3.5521168129
471	0.093312
472	2.03018836398
473	0
474	0.000844577614961
475	0.639532417875
476	2.50150363501
477	7.48408590245e-11
478	0.960223432644
479	2.05436473402
480	0.619607165338
481	1.53959099371
482	0.000508453723171
483	1.00266012984
484	1.41856610737e-05
485	1.92
486	3.172155392
487	2.14548591992
488	1.37743624762
489	0.659879874617
490	3.49983972896
491	1.57152
492	2.00103440707
493	4.4906795665e-11
494	4.15517824642
495	2.6230272342
496	0.662560109491
497	0.303877106802
498	1.17600170639
499	1.36
500	2.14054501414e-09


input.hum9tde.gz

451	2.71000674432
452	1.32437674151
453	0.866448526504
454	3.25427099332
455	2.48491152622
456	0
457	0.000986791542229
458	0.0502839848286
459	0.00454406683727
460	0.0168008983815
461	2.56047018498
462	0.000123577446047
463	3.99291100824
464	1.32442073838
465	0.216
466	5.73023599916e-08
467	0.830175660873
468	5.12536968625e-23
469	3.73268662401
470	3.450226543
471	0.72
472	1.06005454478
473	0
474	9.36324386845e-50
475	0.78489280719
476	2.4619717896
477	2.16093911247e-20
478	0.587528989386
479	2.24055287839
480	0.216119972887
481	1.7388594868
482	1.33187949135e-07
483	0.891672923682
484	1.74588755932e-12
485	3.2
486	1.4232932352
487	1.23674331151
488	1.60172575276
489	0.653803391215
490	3.45494029596
491	1.47599616
492	0.000755707623405
493	4.63164249746e-19
494	4.37120691809
495	2.12927271765
496	0.404835634711
497	0.689091602316
498	1.9626121388
499	0.816
500	3.8053803286e-18


input.hum9tdn.gz

451	3.64556378177
452	3.04659059337
453	1.07116003169
454	2.78253597219
455	2.42861838669
456	4.73838133832e-06
457	0.961168160638
458	1.21619278234
459	0.0652401510353
460	0.0172886455553
461	2.03200170582
462	0.000175714839999
463	3.30019427925
464	2.0
465	4.28514654056
466	1.2
467	3.39728220268
468	3.80366977136e-14
469	2.4080316626
470	2.22487517698
471	1.2
472	0.63936386652
473	0
474	1.7058172818e-06
475	0.658166749019
476	2.4797440602
477	3.4381415995e-08
478	0.0527852375828
479	1.81934538412
480	0.423362808981
481	2.13353812633
482	0.00311950569247
483	0.85407130844
484	0.111352326192
485	0.41472
486	3.15925594112
487	1.96150252128
488	1.60054344143
489	0.679296279495
490	2.98188387819
491	2.136
492	2.72217678234
493	0.453312
494	3.42533025505
495	1.58304921853
496	0.983743543802
497	0.0330449941016
498	1.17600122819
499	1.36
500	0.945803494618


input.hum9te.gz

451	3.77403714021
452	0.600178890475
453	0.947367968618
454	4.11765189045
455	2.49119789883
456	2.361049841e-90
457	0.000840679940636
458	1.25309663905e-28
459	0.00521561944784
460	0.800387756486
461	2.32006093597
462	0.129600750594
463	0.570848424091
464	8.1494429417e-14
465	4.73918338799e-06
466	0.093312
467	2.45997451512
468	1.40559932727e-22
469	3.73019379719
470	2.14709613305
471	4.74044146472e-25
472	3.63643689579e-06
473	0
474	4.17029057339e-39
475	1.44446604459
476	2.04348022971
477	1.39547698262e-105
478	2.9607315079e-16
479	2.46227732965
480	9.77186323214e-05
481	1.85241677297
482	1.33187949135e-07
483	5.71470878735e-06
484	0.63936
485	1.152
486	2.50752
487	0.67538078641
488	0.613505033017
489	0.00217703097763
490	3.25147924689
491	8.08281301364e-12
492	3.53699672973
493	0
494	4.30776773025
495	2.624416
496	1.76822131483
497	1.96217678234
498	0.740535925801
499	0.96
500	2.23277764349e-09


input.iit00m.gz

451	4.71234045072
452	3.27472836249
453	1.25490527633
454	3.01692905104
455	3.49764173885
456	1.12961616306
457	3.87150552107
458	2.06606145883
459	4.30251618878
460	0.0292635239221
461	2.6
462	1.74111782461
463	4.13788561818
464	2.54099016165
465	1.51931634578
466	2.6
467	4.21980832964
468	3.56575067456
469	3.4112
470	3.08674162934
471	8.40173126929e-22
472	1.60078367036
473	0.0279936
474	1.17614294861
475	0.492726077265
476	2.85973160569
477	0.0340625049846
478	3.46209377651
479	3.51629208509
480	1.66579587292
481	1.82006498931
482	2.29796695275e-17
483	2.63766367131
484	0.277789291072
485	0
486	4.352
487	0.245854838392
488	1.48960000002
489	2.4032087493
490	3.35564595701
491	2.48604754697
492	4.3778598597
493	2.4712056506
494	4.63126671158
495	3.48359599711
496	0.809580176286
497	0.065628942336
498	1.76739656158
499	1.00047018498
500	1.21600000001


input.iit00t.gz

451	3.81705434983
452	0.36
453	4.69698634972
454	4.88859734653
455	3.38487307006
456	0
457	0.0219321577853
458	4.66625687264e-12
459	1.86772636719
460	0.220502550319
461	1.776
462	0.248267285174
463	0
464	0.129600132645
465	4.73838133832e-06
466	0.72
467	0.0915612836461
468	0.00160384620307
469	3.92435356467
470	0.441843854754
471	0.03359232
472	6.46067288106e-17
473	2.05401018541e-54
474	1.83448550186e-10
475	0.592173336986
476	0.27634332458
477	1.66093979668e-84
478	2.73630038384e-15
479	1.99154835872
480	5.22882135714e-42
481	2.83154418184
482	0.0777629226154
483	0.831800446204
484	0.0560170355896
485	0
486	2.6435072
487	0
488	0.0678063849018
489	0.124452561584
490	1.14737984743
491	5.77475764078e-10
492	4.44759348981
493	3.24418286106e-191
494	2.27957759051
495	2.49999203314
496	8.10682230571e-05
497	0.129603999645
498	0.434929126063
499	1.31908215642e-05
500	1.60577861758


input.iit00td.gz

451	3.46636958393
452	1.26544530317
453	3.30130002459
454	4.96242748328
455	2.46448989278
456	9.14821900048e-176
457	0.00133681802803
458	2.20764803502
459	1.82177564149
460	8.25818550662e-06
461	2.96
462	0.147031148528
463	2.55273244375
464	1.2279270908
465	1.00094118057
466	2.0
467	0.986483458113
468	0.73013878478
469	3.92725594112
470	0.155971383774
471	1.2
472	0.00943275344393
473	1.97604270283e-44
474	1.11010716467
475	0.285790284535
476	1.84634593579
477	3.77275671292e-32
478	2.4284949541
479	1.88056775016
480	0.369676293981
481	2.90077419165
482	0.0450718709907
483	0.675645611975
484	1.75630364298
485	3.27516918105e-06
486	1.984512
487	1.77782601321
488	0.336308802452
489	0.632100086723
490	1.99133759119
491	0.8592
492	4.14184172064
493	3.20643917678
494	4.61359516994
495	2.4166465728
496	0.00469058230849
497	1.00003661553
498	1.32255078349
499	0.000169346181058
500	1.37758055869


