input.acsys9mw0.gz

451	10.7056802359
452	7.32376569158
453	6.90773068238
454	11.981437988
455	3.67756006317
456	1.6857552782
457	4.74710535263
458	2.86138095595
459	5.85808967521
460	2.5967917745
461	3.04176392087
462	4.54007556213
463	8.99727828525
464	2.52
465	11.1841573441
466	2.729
467	7.50034103051
468	9.03071439749
469	6.25924426616
470	4.9544495172
471	1.67767665459
472	0.947654998626
473	0.254186582833
474	2.20864085888
475	3.38989540515
476	9.34758002171
477	0.0556256778887
478	7.72635276349
479	9.48850261262
480	0.460451164485
481	6.21350407524
482	0.000896916312916
483	3.45923026378
484	2.81937223678
485	3.42
486	5.375820978
487	6.08259434826
488	0.500732704935
489	4.24657885848
490	4.01069001447
491	3.63119421615
492	9.39195932833
493	6.10040024109
494	5.27795895622
495	1.4475230504
496	4.81000838877
497	0.802542364524
498	2.02883738224
499	0
500	1.32925973949


input.apl9all.gz

451	10.076458769
452	7.51789032148
453	9.72520341605
454	12.3706362362
455	4.8271766582
456	0.050213474443
457	2.15849576813
458	0.74701416913
459	7.04649580632
460	0.594111603594
461	1.74097251518
462	2.71841873828
463	6.67390353193
464	0.737435204942
465	4.27744185944
466	1.62056392087
467	5.88168235086
468	0.50127524564
469	6.90003078105
470	0.161995266856
471	2.01916213072
472	3.61293353184
473	0
474	0.0225611940727
475	3.19954995515
476	2.09519438459
477	0.143584519419
478	4.81311967268
479	5.43291566938
480	0.959349896962
481	2.7932529852
482	1.02032892048
483	3.4063814743
484	1.4392027696
485	3.078
486	6.140882
487	5.43170638913
488	0.502207571256
489	2.02069121387
490	4.00123426838
491	2.86562568288
492	9.82684724738
493	5.00775733233
494	10.6803248456
495	4.67190394614
496	5.56930348084
497	1.51684361226
498	2.27928332931
499	0.879094635297
500	0.90642504103


input.apl9lt.gz

451	3.27412888846
452	2.53649627103
453	1.9615300702
454	1.0797939666
455	3.63376150724
456	2.45493203901e-17
457	2.86637082477
458	0.0319875061767
459	2.66785708375
460	2.864203341
461	2.01142953648
462	1.63104313016
463	1.63218619689e-23
464	0.000269767103091
465	0.285341581428
466	0.00235803691555
467	3.29654672329
468	0.21908359913
469	4.52376231808
470	0.00523652519119
471	0.301213066985
472	3.71772454365
473	6.99709329761e-38
474	7.68780704522e-25
475	1.74967593438
476	0.4248725426
477	1.33283018285e-06
478	0.00493006941448
479	4.56651310784
480	1.3815068444e-27
481	1.09145482241
482	0.0618064028418
483	3.23214798353
484	6.22898991752e-25
485	3.078
486	2.03341674288
487	1.16436102326
488	0.240875639257
489	0.617066338443
490	0.812492266149
491	2.33959397179e-27
492	8.72151489853
493	3.1396665601e-05
494	3.25912617857
495	6.1238237378e-20
496	0.451010286943
497	2.23122000527
498	1.18098
499	0.276714982378
500	0.249602215618


input.apl9ltdn.gz

451	6.6514242103
452	3.87707470848
453	9.34708556336
454	7.18088957011
455	4.70459347971
456	2.49363882009
457	1.39300249167
458	0.0710680564194
459	6.32212180454
460	2.20553474875
461	1.68562758283
462	0.000653251012517
463	2.63051684768
464	0.0797857913714
465	3.7026318597
466	0.00359402059983
467	3.6911916712
468	0.0174568511694
469	6.48324286758
470	0.0268715595033
471	1.45800000002
472	4.11872263431
473	0
474	2.11870833115e-06
475	3.31514481086
476	0.786756300001
477	0.0193954746652
478	6.3102984541
479	5.70164350456
480	0.0684232844057
481	1.56098463159
482	0.384015518059
483	3.0294332216
484	1.92366094973
485	1.07323223863
486	3.51657868419
487	2.77238599856
488	0.496818072088
489	3.07477413757
490	2.67689382185
491	3.79195064052
492	8.73552160394
493	4.80784336657
494	1.13726095723
495	3.069677928
496	4.13268420067
497	1.14842828153
498	2.720577699
499	0.495078028892
500	2.92306715603


input.apl9t.gz

451	6.31065015242
452	3.02662522429
453	3.15523137575
454	2.46979062853
455	3.66863445278
456	6.15075651407e-20
457	1.09844120423
458	0.135492120514
459	3.75441895637
460	0.000110255985532
461	1.54016896357
462	1.67740400283
463	1.92437765266e-26
464	0.000773925693677
465	0.159373344289
466	0.00493006940992
467	5.33731508934
468	0.0398936122324
469	3.92315103804
470	0.0278220837342
471	0.565920309069
472	3.24505196799
473	1.8060720835e-37
474	4.20427446492e-30
475	3.1532783416
476	0.827215492892
477	2.77625898423e-05
478	0.000152354696465
479	4.83200024297
480	1.63218619689e-23
481	2.19599394732
482	0.0686760506652
483	3.30725122384
484	3.93853423232e-28
485	3.078
486	5.48978226419
487	1.6172608096
488	0.217549546054
489	0.333465369037
490	1.16221050683
491	2.9784139648e-25
492	9.06685885051
493	0.00324295378827
494	5.02839812707
495	1.59214520899e-20
496	1.50976898559
497	2.84517004405
498	1.62
499	0.898629381197
500	0.542358266733


input.apl9td.gz

451	9.7924521855
452	7.54306157473
453	9.71485432402
454	11.8060326766
455	4.45519890172
456	0
457	2.19028464293
458	0.752921415721
459	6.48607573445
460	0.0745075554395
461	1.73977526366
462	5.35783581379
463	6.37280360075
464	0.43791253061
465	2.10058149391
466	0.27054033202
467	5.46522106664
468	0.717115303832
469	6.87801039077
470	0.170382775838
471	2.00835936355
472	3.64065078946
473	0
474	0.0164271899917
475	3.07937895657
476	2.04997438705
477	0.061819013
478	5.0629337536
479	5.49519643635
480	1.02635515863
481	2.93721807362
482	1.11586912614
483	3.44379881619
484	0.201497357503
485	3.8
486	6.320882
487	4.96565330814
488	0.429225653784
489	1.6866572042
490	3.40186931554
491	2.61323461854
492	9.58191738867
493	3.07608280722
494	6.10861944274
495	5.08753606178
496	4.39320672565
497	2.04643505455
498	1.80327093916
499	0.817629381197
500	0.544405815272


input.apl9tdn.gz

451	8.38435028836
452	5.29641276668
453	10.8970573326
454	12.2774162626
455	5.3436133514
456	2.84585111827
457	1.13359054902
458	0.0994543913939
459	7.61142812036
460	1.55650480454
461	1.35016896357
462	0.000491058752636
463	3.26836275112
464	0.150191895661
465	6.10478949827
466	0.00927679537318
467	5.9545518186
468	0.002145929307
469	6.54754120049
470	0.0166629267615
471	2.00000000004
472	3.75651558951
473	0
474	3.22924694223e-06
475	4.89029778964
476	1.43651647737
477	0.218838264469
478	6.83003054972
479	5.37054520259
480	0.320291998672
481	1.81233554713
482	0.720849729647
483	3.25276421439
484	1.63697535109
485	1.81752822
486	5.6887938
487	4.23846832449
488	0.668185506699
489	2.01525083299
490	4.46589524381
491	3.53826265391
492	9.37359180374
493	5.69262337285
494	5.54884116872
495	4.43366453973
496	6.43542804066
497	0.394332012856
498	2.91242790002
499	1.15418658283
500	1.37595917495


input.att0010gb.gz

451	10.2267782068
452	5.50987527908
453	7.8296722306
454	6.97069007486
455	2.75057109882
456	9.53036573225e-11
457	3.86985488432
458	0.284407499873
459	7.10355009
460	1.51659987956
461	3.61
462	3.18740858037
463	0
464	0
465	0.00165895702667
466	1.80010449568
467	2.0909934558
468	0.521708786629
469	2.36485907858
470	0.87038765449
471	0.0387251396159
472	1.08075040039
473	0
474	0.000626578748218
475	1.82515169315
476	4.27609355159
477	0
478	0.0872494131991
479	2.49324191727
480	4.79718010297e-42
481	5.02188425268
482	0.228366661227
483	0.234050792715
484	2.08970590572
485	2.0194758
486	6.194840978
487	0
488	1.77610413368
489	0.300222180533
490	2.94755601009
491	4.27357225735e-05
492	6.97543341063
493	1.24079345662e-34
494	7.85064380912
495	4.15486775481
496	4.23190467813
497	2.94461730497
498	1.8
499	0.740584635297
500	1.05438163418


input.att0010gbe.gz

451	10.1425652129
452	10.1156938469
453	10.8322958822
454	9.9627914447
455	4.64831490092
456	0.611234004521
457	0.0679144019936
458	0.132264706109
459	8.48685973372
460	4.10730526454
461	3.34900000278
462	2.87748268108
463	0
464	0
465	0.037004193526
466	0.00997299398231
467	4.89915764353
468	6.25474355579e-07
469	9.84376167657e-06
470	0.629948853346
471	0.33354363441
472	1.11853606285
473	0
474	2.85616171994e-14
475	4.33353687937
476	3.42471044024
477	0.00235803691748
478	0.0605453457519
479	1.48778454082
480	1.90290726476e-13
481	6.62525028722
482	0.146057638445
483	5.21192494215e-16
484	1.34270693834e-17
485	2.243862
486	4.6704913002
487	0
488	4.09006986166
489	0.165631316334
490	1.6697351618
491	0
492	8.1075760833
493	1.17643974742e-19
494	13.3932207722
495	2.72070810267
496	5.42123401874
497	2.90036588154
498	1.62
499	1.24046721
500	1.61912701394


input.att0010gbl.gz

451	10.1229830588
452	5.36621247309
453	3.70150145769
454	6.97433820835
455	3.42861727704
456	0.018248076382
457	3.33201859551
458	0.284407499873
459	6.47249976256
460	1.35816595329
461	3.63503155505
462	3.525223492
463	0
464	0
465	9.26138719071e-06
466	1.06305896435
467	2.0909934558
468	2.13291842201
469	2.18485907858
470	0.87038765449
471	0.224585120044
472	1.02515945989
473	0
474	9.82760202556e-09
475	1.82515169315
476	4.43372898647
477	0
478	0.703828371944
479	3.67592428656
480	1.40867220277e-12
481	6.05561069432
482	0.434426928762
483	0.087596399652
484	1.37303916213
485	2.49318
486	6.60098
487	0
488	1.19888798684
489	0.725169842449
490	3.60722830897
491	0.774402301393
492	7.34649256085
493	0
494	7.0222920623
495	3.48791558329
496	4.23190467813
497	2.94461730497
498	1.8
499	1.197420489
500	1.24364290873


input.att0010gbt.gz

451	8.15346203897
452	4.4791644458
453	7.08237577713
454	5.57323387022
455	2.86449856905
456	2.18024198876e-11
457	6.02716690467
458	0.243422871707
459	6.72762298777
460	0.273726796534
461	3.268
462	3.64924583548
463	0
464	0
465	0.00872845103809
466	1.8000003926
467	2.0909934558
468	0.271301749608
469	2.36485907858
470	0.75819455449
471	1.18098315791
472	1.00050757175
473	0
474	1.27042347476e-05
475	1.82515169315
476	4.00288929711
477	0
478	1.71801569538
479	1.19765191901
480	4.31746209267e-42
481	2.82850502399
482	0.891554208595
483	0.150801974048
484	1.98073211009
485	2.243862
486	6.175082
487	0
488	2.25646486768
489	1.24210879146
490	0.527378317287
491	4.25105221326e-05
492	7.11158952192
493	6.59408515379e-35
494	7.96958041946
495	1.49610147293
496	4.57770909204
497	1.07860969016
498	0.143579597538
499	1.1586784401
500	0.78427926496


input.att0010glf.gz

451	8.45352096232
452	4.59084574788
453	5.52052475118
454	6.04586127906
455	3.76965912433
456	0.0501245829965
457	3.52942073292
458	0.468856470632
459	6.37270281603
460	0.357462270665
461	3.36021853123
462	3.49587587596
463	0
464	0
465	0.00106111808704
466	1.06304126791
467	2.0909934558
468	1.23740739449
469	2.18485907858
470	0.710226590467
471	1.80030597135
472	0.613823260141
473	0
474	1.30733385512e-10
475	1.82515169315
476	3.915277937
477	0
478	2.45730915369
479	2.5657021567
480	3.58065573555e-13
481	4.24028603806
482	0.967579563068
483	0.315777813955
484	1.22783659479
485	2.0194758
486	6.7322
487	0
488	1.92707837341
489	0.438075355619
490	2.01754881389
491	0.668444090547
492	7.87588452691
493	0
494	6.93068433698
495	1.49798828049
496	4.56528988041
497	0.943807223308
498	0.86093442
499	1.31949
500	0.924369599244


input.att0010glv.gz

451	9.71641713965
452	5.56749899257
453	5.52052475118
454	6.45490194835
455	3.18139182798
456	0.000955005330018
457	3.90965461093
458	0.468856470632
459	6.746499754
460	0.357462270665
461	3.52050752879
462	3.58517379173
463	0
464	0
465	0.00106111808704
466	1.80014334112
467	2.0909934558
468	1.04798237957
469	2.36485907858
470	0.710226590467
471	0.958112725824
472	1.0145441228
473	0
474	3.64353894206e-05
475	1.82515169315
476	3.98466507209
477	0
478	2.45730915369
479	2.54123152072
480	6.14495570979e-19
481	4.86191258284
482	0.352368920779
483	0.298059466432
484	1.95941263286
485	2.243862
486	6.482882
487	0
488	1.69418299012
489	0.438075355619
490	2.60637439689
491	0.177339212957
492	6.74856268991
493	0
494	6.93068433698
495	3.24088305451
496	4.56528988041
497	0.943807223308
498	1.18098
499	1.121931
500	0.952207597893


input.CWI0000.gz

451	0.31381059609
452	4.23059967881
453	1.06720361854
454	4.20063409195
455	0.9
456	3.74935829658e-10
457	1.15142616797
458	0.00015235955791
459	1.82198761875
460	1.57139530257
461	0
462	0.00027666479013
463	0
464	0
465	0.245521111791
466	0
467	0.387467463409
468	1.6382783623e-13
469	9.97938883663e-08
470	0.486197049174
471	5.1325520274e-17
472	0.101933051483
473	0
474	5.15242982337e-05
475	0
476	4.212957562
477	0
478	1.00015941766
479	3.60325680491
480	9.18545008575e-07
481	0.349362259859
482	0.00119008394594
483	0.00390680633612
484	0
485	0
486	0
487	0
488	0.267758553297
489	0.685706806773
490	1.11842138939
491	1.458
492	1.04145376224
493	4.7811814699e-05
494	1.52016162148
495	0.0454510581593
496	0.672277459301
497	0.205891132095
498	0
499	0
500	1.07788889928


input.isnnwt.gz

451	3.8
452	2.08214189321e-14
453	2.56714919036
454	2.729
455	0
456	0.31381059609
457	1
458	0.378862559847
459	0
460	0.0831478349904
461	1.45800000001
462	1.6561
463	0
464	0
465	0.0309032590726
466	0
467	0.0343368382029
468	0
469	0
470	0
471	1.062882
472	1
473	0
474	0
475	0
476	0
477	0
478	0.813028713288
479	0
480	0
481	1.62
482	0
483	0
484	0
485	0.00362901881303
486	1.69050319218
487	0
488	1.71131168891e-05
489	0.4782969
490	0
491	2
492	3.61949830406
493	0
494	5.18943237518
495	0
496	4.0982969
497	0.0107752636643
498	0
499	1
500	1.00002687706


input.iswt.gz

451	0.0405511191809
452	0.0797664430769
453	4.4291429388
454	8.48258493193
455	2.07292643648
456	0.109418989132
457	0.936207014501
458	0.636110388458
459	0
460	0.173134502438
461	0.000539443211181
462	3.27896507958
463	0
464	0
465	3.1856973739e-07
466	0
467	0.613759465737
468	0
469	0
470	0
471	1.062882
472	0.166771818324
473	0
474	3.06470596979e-37
475	2
476	1.97559
477	0
478	0.751886240488
479	0
480	2.52618094767e-22
481	2.2761
482	2.31349456573e-14
483	1.80001042138
484	5.94693396905e-28
485	4.46182044481e-17
486	1.8
487	0
488	4.42109184495e-05
489	1.47379018286
490	1.77490139874e-45
491	2
492	5.14148050877
493	0
494	4.58875800133
495	1.50851517494e-35
496	2.39049
497	0.0152931921356
498	0.00131002050864
499	1
500	3.27919430936e-05


input.iswtd.gz

451	0.196954180437
452	3.70223223863
453	2.4575350361
454	8.07694147724
455	2.07292643648
456	0.0984770902184
457	2.44842850597
458	1.12744739861
459	0
460	0.072968817227
461	2.458
462	2.12949
463	0
464	0
465	4.04865415742e-05
466	0
467	1.40119770565
468	0
469	0
470	0
471	1.062882
472	2.90033114579e-13
473	0
474	1.78875205255e-38
475	2
476	1.3851
477	0
478	0.531538310198
479	9.50316111351e-40
480	1.65742732061e-22
481	2.2761
482	0
483	1.00000000593
484	0.9
485	9.18649262586e-18
486	2.17060403777
487	3.57116960374
488	7.48715786033e-05
489	1.26411567874
490	2.22971862161e-37
491	2
492	4.25444370344
493	2.33756265483
494	5.89855025178
495	2.24356278858e-16
496	4.61
497	0
498	1.43045676883e-11
499	1
500	0.810005856074


input.iswtdn.gz

451	3.4124958721e-23
452	0.659857102133
453	1.95530018985
454	2.04239115828
455	2.07292643648
456	0.109418989132
457	0
458	0.126675411179
459	0
460	0.06578983735
461	1.15953288615
462	4.72405394406e-20
463	0
464	0
465	1.11679944346e-07
466	0
467	7.8917276473e-08
468	0
469	0
470	2.00674675945e-37
471	1.062882
472	3.58065573556e-13
473	7.92742348971e-23
474	6.45328031695e-30
475	2
476	1.61386792455
477	0.0500631100999
478	0.590623530014
479	4.45203036549e-40
480	3.89374134493e-35
481	2.2761
482	0
483	4.258
484	0.9
485	2.49318
486	1.62
487	4.40885136264
488	0.0763979724614
489	1.27150519882
490	0
491	2
492	2
493	3.26911127267
494	0
495	0
496	3.712421
497	1.9
498	0
499	1
500	0.936566790671


input.jscbt9wcl1.gz

451	10.8533632049
452	5.90631651824
453	4.40995772397
454	10.7671185904
455	4.42212589707
456	0.882152435813
457	1.09082714204
458	3.7032093866
459	2.87859733071
460	0.703114095614
461	3.17585516721
462	0.510912453337
463	3.48088356861
464	3.78763313646
465	10.7814107462
466	1.786771817
467	4.46392103352
468	1.74962141339
469	7.52208245229
470	3.38050416401
471	2.00000000015
472	2.19161030925
473	2.39052589988e-05
474	0.366719794767
475	2.50312272065
476	6.90477308639
477	0.0103075505099
478	8.1615213926
479	7.91492777143
480	3.02458415194
481	6.27649888287
482	0.81594781454
483	2.84641576667
484	2.08603969504
485	3.078
486	6.482882
487	3.62385392109
488	2.99414284511
489	3.28505876707
490	6.89034900455
491	3.46712124984
492	9.64282037919
493	1.41613205331
494	12.0786147813
495	3.53213389153
496	6.98318835521
497	0.163645518967
498	3.79970234455
499	0.907069671037
500	2.4364539064


input.jscbt9wcs1.gz

451	11.3473591685
452	4.32305292852
453	0.203619922652
454	13.9371932772
455	6.66023057347
456	0.00162503748857
457	1.55390450559
458	5.19554452832e-07
459	5.1197723031
460	0.163426574868
461	3.14723155505
462	4.351616047
463	0
464	0
465	2.94128886555e-07
466	1.45850752879
467	3.67018262477
468	0.201930849258
469	6.25898996298
470	2.95840286754
471	0.956593800001
472	0.00050762729277
473	3.78384701843e-30
474	0.166771816997
475	1.46290144442
476	3.2304627109
477	1.34752927115e-12
478	3.86681023255e-19
479	7.27580520432
480	0.328203974825
481	7.35593796701
482	0.263483256352
483	0.677550462376
484	0.00220925461301
485	3.8
486	6.482882
487	6.15357784972e-05
488	0.184785132261
489	0.656205087628
490	6.9752929333
491	0.0225287658191
492	9.32808169673
493	0.0295617658829
494	15.2003294887
495	6.58027931243
496	4.61958627638
497	0.84824602853
498	3.22901846558
499	0.925031560273
500	0.525367579974


input.jscbt9wll1.gz

451	11.309815594
452	5.94332945421
453	4.51583671446
454	10.7617045183
455	4.57344793898
456	0.88686351404
457	1.08001893829
458	3.68365662451
459	2.87847957242
460	0.687752523404
461	3.03550279465
462	0.510608272181
463	3.29485257137
464	3.78951731365
465	10.7815933419
466	1.966771817
467	4.51803430504
468	1.57994554135
469	7.58228694715
470	3.30684937657
471	2.0
472	2.11576834671
473	0.000116106307035
474	0.435866913378
475	6.14332043722
476	7.18054166471
477	0.00323461950762
478	0.0128695042345
479	7.66721396963
480	3.05930502089
481	6.51179747706
482	0.905727912988
483	2.84647243768
484	2.20637216836
485	3.078
486	6.482882
487	3.55669769585
488	4.21264778032
489	3.2637297575
490	7.22209261337
491	3.40210453723
492	9.39604447186
493	2.29386530982
494	11.890939461
495	3.31218165548
496	6.68713771153
497	0.764815847626
498	3.79970234455
499	0.910775284211
500	1.59759471844


input.jscbt9wll2.gz

451	10.9433495542
452	9.68263609904
453	4.30846488742
454	13.09506879
455	4.44711355535
456	1.36107686003
457	1.12571642549
458	1.36711038574
459	3.92272993344
460	0.696498799988
461	3.0318977373
462	1.15281482753
463	4.16904002581
464	3.90225067031
465	9.19726886424
466	2.00589113209
467	5.22333855775
468	1.45940750102
469	7.00699446518
470	4.03170506011
471	2.00000000087
472	2.57841170559
473	3.18006751452e-07
474	0.150815282355
475	7.21232974109
476	7.26065850704
477	0.00212224820252
478	7.36776608575
479	6.94000978055
480	2.62557524457
481	6.10847245376
482	0.856798425547
483	2.1447761881
484	2.37085807551
485	3.078
486	6.60098
487	5.57986807997
488	2.50336453646
489	4.32754274213
490	7.50638865821
491	3.62054981398
492	8.86553855608
493	2.75007890858
494	12.0059156346
495	4.24009606693
496	6.61282645205
497	0.869867976312
498	3.69073211009
499	0.91642322176
500	2.97048923674


input.jscbt9wls1.gz

451	11.2359436314
452	4.41261770014
453	0.11305180224
454	14.0644804343
455	6.75539890266
456	0.0016250374886
457	1.75981663523
458	5.05946877727e-27
459	5.11978501655
460	0.205615659772
461	2.91527315828
462	4.29784488102
463	0
464	0
465	1.04445112921e-07
466	1.45850752879
467	4.02173981474
468	0.227091530627
469	6.2589905352
470	3.13699104188
471	0.9565938
472	1.18130052904
473	4.26929192932e-29
474	0.135085171767
475	2.18990030522
476	3.03894614097
477	2.81735064553e-12
478	7.36385234287e-19
479	6.58384338948
480	0.364671083142
481	7.48694330535
482	0.263600418797
483	0.699234280618
484	0.00214501391395
485	3.8
486	6.482882
487	5.56953791825e-05
488	0.666095141604
489	0.679515762861
490	7.20934512284
491	0.0309038494092
492	9.07234135265
493	0.0328464065365
494	14.9389805084
495	6.95333748446
496	4.71497375645
497	0.826626516759
498	3.20077551193
499	0.930903157158
500	0.527639724919


input.jscbt9wls2.gz

451	11.2689472602
452	3.90815928005
453	8.71589189506
454	5.91448144097
455	6.56407850859
456	1.25431025755
457	1.82156860105
458	0.00240779577144
459	0.381640431068
460	0.143437962396
461	2.81998328697
462	3.35065943858
463	0
464	0
465	1.76876510583e-06
466	1.80041109832
467	3.77643068252
468	0.631297419909
469	6.25904954576
470	3.17186284471
471	1.3122
472	1.18183821336
473	0
474	8.19139181148e-14
475	8.90124377352e-05
476	3.34289432545
477	1.45135948083e-13
478	0.084851015171
479	7.17019235525
480	6.85596132441e-05
481	6.83127335958
482	0.565935507255
483	0.270232833722
484	0.0191227372098
485	3.8
486	6.482882
487	0.480745385284
488	0.29960681105
489	0.720059844765
490	7.31603498167
491	0.013304491894
492	4.54411957295
493	0
494	4.07837238025
495	6.38500455195
496	6.49093976866
497	0.087633583295
498	3.10037673519
499	0.918248008854
500	0.19428669049


input.Mer9Wt0.gz

451	2.00019662705
452	1.23584340722
453	8.86793328396
454	6.39608582576
455	0
456	0
457	0.161314567482
458	2.14959510313
459	1.50398081267
460	2.33964888383
461	3.358
462	0
463	0
464	0
465	0.000332990665162
466	2.6561
467	5.67266863857
468	2.00024023544
469	1.80021017079
470	2.23377331268
471	5.05438789053e-18
472	0
473	0
474	0
475	0.531441
476	3.152549219
477	0
478	0.0270912516673
479	1.10333572405
480	0
481	3.64353894206e-05
482	0
483	0.143839044967
484	1.09242953648
485	3.8
486	3.94358677364
487	4.47619555255
488	0.109252353883
489	0.747029479983
490	3.73528061966
491	0.127905909488
492	0
493	0
494	5.96749980484
495	0.662316017788
496	4.73467888464
497	2.34144100051
498	0
499	0
500	0.729


input.Mer9Wt1.gz

451	0.0225283995449
452	0.446354145029
453	5.40084974713
454	2.83309395832
455	0
456	0
457	0.223464810696
458	2.27376239879
459	0.730895189635
460	0
461	0
462	0
463	0
464	0
465	0
466	0
467	1.08661203939
468	1.31971912613
469	0
470	0
471	5.29252532807e-15
472	0
473	0
474	0
475	0.00221876524496
476	3.60078979877
477	0
478	2.71918476233
479	0.59049
480	3.66947543601e-32
481	0
482	0
483	0.457535849099
484	0
485	0
486	0
487	1.90012900701
488	0.0719490666801
489	1.6561
490	0.124315582041
491	0.3486784401
492	0
493	0
494	9.37678171678
495	1.07976644308
496	2.95126654307e-05
497	0
498	0
499	0
500	0.4782969


input.Mer9WtdMr.gz

451	0.6561
452	2.64932186929
453	5.04258916074
454	1.64240729037
455	0
456	0
457	0.213023159886
458	2.79784155124
459	0.507228981858
460	0
461	0
462	0
463	3.14307076427
464	0
465	0.0309031543826
466	0
467	0.912145501914
468	1.46969558324
469	4.90520610532e-08
470	0
471	3.18006751452e-07
472	0
473	0
474	0.0133028055666
475	1.50286502293
476	3.62900154454
477	0
478	3.53735755872
479	0.59049
480	1.98026738083e-31
481	0
482	0
483	1.8
484	0
485	0
486	0
487	2.2486784401
488	0.135100856008
489	1.9
490	1.10589113209
491	2.62
492	1.64166202088e-06
493	0
494	3.62783470081
495	1.59049926143
496	1.2847575862e-18
497	0
498	0
499	0
500	0.59049


input.Mer9Wtnd.gz

451	0.000299690672878
452	0.979766460032
453	5.27632435729
454	1.7447292924
455	0
456	0
457	0.295000239303
458	3.51001271153
459	0.537981010762
460	0
461	0
462	0
463	3.8986356501
464	3.33979011544e-45
465	1
466	0
467	0.58964627029
468	1.46081791258
469	0
470	0
471	8.3352484179e-06
472	0
473	0
474	0.0309031544044
475	1.73586644308
476	3.62900091203
477	0
478	4.29374354776
479	0.59049
480	9.80715628293e-16
481	0
482	0
483	0.9565938
484	0
485	0
486	0
487	2.3782969
488	1.260441
489	1.0687869
490	0.976771816997
491	2.62
492	0.00154710802029
493	0
494	3.11688316091
495	0.100644089018
496	0
497	0
498	0
499	0
500	0.81


input.NEnm.gz

451	10.4568511667
452	8.00013448298
453	6.2911291896
454	8.13428758597
455	5.58240263305
456	1.93759988998
457	1.55673322142
458	1.96421433828
459	5.00515898532
460	4.753565455
461	3.52033298964
462	2.5878717178
463	4.52516412749
464	0.205891132666
465	3.78412810273
466	1.80872796357
467	7.14987674285
468	0.113814811999
469	4.80304691586
470	2.38915035025
471	2.00165220539
472	1.59446286588
473	2.09696359855e-41
474	1.5243370533
475	2.73087846001
476	6.50750037848
477	0.159582866112
478	8.79075450547
479	6.39451326176
480	3.06251462574
481	5.03554351372
482	1.02447150949
483	2.90791431854
484	1.39702389676
485	3.8
486	6.11318
487	6.51017587209
488	5.80622894926
489	5.65494055927
490	6.60709371868
491	3.97766317361
492	5.55553552589
493	3.76361575842
494	11.9798370935
495	2.14942061904
496	5.96252315739
497	2.33406513759
498	2.36590828744
499	1.53900000011
500	3.81909787468


input.NEnmLpas.gz

451	10.3491098729
452	7.96492709939
453	6.18931090055
454	8.03538409496
455	5.43101726796
456	1.94499040507
457	1.49397035556
458	1.96423400098
459	5.00515898532
460	4.81765145391
461	3.52033298964
462	2.81177796678
463	3.88862927496
464	0.205891132609
465	3.54682634654
466	1.80872796357
467	7.16440238256
468	0.113814811999
469	4.80304691586
470	2.38915035025
471	2.00165220539
472	1.59446286588
473	2.09696359855e-41
474	1.52433745585
475	2.63381097738
476	6.4815090785
477	0.197004160395
478	8.80969517294
479	6.39451326176
480	3.06251462578
481	5.03554351371
482	0.928812129494
483	2.89575701188
484	1.39702389676
485	3.8
486	5.995082
487	6.42513403408
488	5.76388558492
489	5.65504667093
490	6.54084481506
491	3.97766317361
492	5.55553552589
493	3.76361575842
494	11.9798613683
495	2.14941612122
496	5.96252315739
497	2.38189482759
498	2.31011179065
499	1.53900000011
500	3.8222665451


input.NENRtm.gz

451	11.3552425825
452	6.42664039988
453	1.91173123743
454	14.5846899647
455	5.04373688959
456	6.46406145714e-09
457	0.160001077553
458	0.0441139841404
459	3.02951678472
460	0.03682397418
461	2.96338952879
462	2.29551046559
463	0
464	2.81847415975e-08
465	0.0718445786691
466	1.18229002051
467	6.8851635219
468	0.0356808617965
469	0.563425188499
470	1.98070468136
471	0.180672946157
472	1.6023174596
473	0
474	2.61868677278
475	2.05979404175
476	4.36525366716
477	0.0200052877125
478	0.0138168992562
479	3.0070482236
480	0.0531718913211
481	4.62625499157
482	0.59294403693
483	3.55126198494
484	4.22493243701
485	3.8
486	6.140882
487	3.53346017342
488	4.80347406872
489	4.49639317287e-09
490	3.12845292489
491	1.74157665459
492	4.56233873568
493	2.94015350196e-19
494	6.74867621868
495	0.011107086961
496	3.81334691765
497	2.51323020269
498	1.67584993115
499	1.12381060325
500	0.297546647393


input.NENRtmLpas.gz

451	11.3841590059
452	6.42797067935
453	1.91173123712
454	14.5513460509
455	4.9671984852
456	6.46406145714e-09
457	0.1600007201
458	0.0441139841404
459	3.02951677474
460	0.0368239741799
461	2.96338952879
462	2.29551046559
463	0
464	2.81847415975e-08
465	0.0718445786691
466	1.18229002051
467	6.91504263268
468	0.0356808617965
469	0.563425188499
470	1.94932362176
471	0.162947069918
472	1.63400410483
473	0
474	2.61868677278
475	2.02852944801
476	4.31413392105
477	0.0200052877125
478	0.0138168993346
479	3.0070482236
480	0.0531718913214
481	4.62625499157
482	0.59294403693
483	3.41931298494
484	4.22493243701
485	3.8
486	6.140882
487	3.29002414804
488	4.80347406872
489	4.49639317286e-09
490	3.12845292401
491	1.74157665459
492	4.39543028456
493	3.26672164257e-19
494	6.62053919119
495	0.0111070870077
496	3.80349920863
497	2.51323020269
498	1.67584993115
499	1.09242954365
500	0.297546647773


input.NEtm.gz

451	11.3466114744
452	6.27591619177
453	1.93945873027
454	14.9934229756
455	5.0610270283
456	0.000700237346776
457	0.22640070736
458	0.069494346068
459	3.08137254164
460	0.133979485937
461	3.08102498196
462	2.34082214722
463	0
464	1.49785272593e-08
465	0.0646563200099
466	1.62131002051
467	6.86426149956
468	0.0363410285668
469	0.347909266135
470	2.01048393718
471	0.221626885671
472	1.78867856032
473	0
474	2.69179701679
475	1.68947350537
476	4.9589867961
477	0.0448189217191
478	0.0155381616534
479	2.788438039
480	0.0252674078549
481	4.52038819225
482	0.906160786904
483	3.70830880858
484	4.26293734983
485	3.8
486	6.140882
487	3.56735633702
488	4.6450974171
489	1.36836611922e-11
490	3.03242338633
491	1.74157665459
492	4.68176492302
493	2.93911717373e-19
494	6.51613393967
495	0.00339114606293
496	3.74813254216
497	2.53790063872
498	1.65250925188
499	1.21381059651
500	0.341503935281


input.NRKlm.gz

451	9.13181631703
452	7.19978025209
453	8.07625701702
454	4.8769344874
455	4.62133298202
456	2.15338354121
457	3.05337478054
458	1.12340149395
459	7.01526491305
460	1.83271433672
461	3.21049
462	0.609365025747
463	6.34459927609
464	0.0423911582752
465	7.19311385273
466	2.531441
467	8.05322759585
468	0.912077941632
469	6.80908550323
470	1.73802404884
471	2.41407356643
472	1.8540890245
473	0
474	0.582731984391
475	5.20942712638
476	3.28236819757
477	0.457535849099
478	4.19885480457
479	2.59610389476
480	1.3062155522
481	3.08463157062
482	0.796936224319
483	2.23845240022
484	1.17792378016
485	3.8
486	6.0345938
487	6.68240303727
488	0.8703126566
489	2.86831633848
490	4.53214101159
491	2.63160646498
492	8.25647344894
493	7.23635092404
494	7.80994617542
495	0.225334672723
496	6.24024561297
497	0.230438039797
498	1.16719741922
499	0.864085171773
500	1.81691910157


input.NRKprf20.gz

451	9.21711886827
452	8.89067339558
453	6.6916994346
454	4.73224006551
455	4.87824434088
456	4.54115867432
457	2.91488625218
458	4.97267940348
459	9.17504505541
460	1.71217975955
461	2.80036998849
462	0.476746088428
463	7.47849944951
464	7.94379658917e-16
465	6.4562500318
466	2.39049
467	8.11581315325
468	0.0548490787344
469	6.80908550323
470	1.53031760116
471	2.01773322378
472	3.01680429219
473	0
474	0.836400722131
475	6.08228873755
476	3.7091476655
477	0.0847823165504
478	7.341761534
479	3.32736992657
480	0.547695624105
481	2.53578388392
482	0.411799777883
483	1.6316570839
484	0.394341734584
485	3.42
486	5.72381642
487	6.59721017355
488	2.15611303932
489	2.91070204229
490	5.70128980108
491	2.81985594566
492	7.97116068648
493	6.7558643382
494	12.2884335977
495	1.49996006612
496	5.36058465997
497	1.11049184766
498	1.80094398185
499	0.977910489
500	2.06011616667


input.NRKse10.gz

451	9.1288942061
452	3.94032388265
453	8.39879127955
454	8.55285235424
455	4.65524985502
456	2.36370977932
457	1.37317467541
458	1.9859259473
459	5.21634071623
460	0.918584326776
461	3.04849
462	0.514163770604
463	7.24214174746
464	1.04887402492e-05
465	9.02754455236
466	2.39049
467	7.91617428597
468	0.333041817351
469	6.74149458217
470	0.588113170884
471	2.27167129241
472	1.42346345784
473	0
474	0.0652133748028
475	1.27966152204
476	3.01584736944
477	0.0405511191809
478	3.0616283849
479	3.36576296544
480	1.90909601462
481	3.44402911609
482	1.66845257361
483	2.72706119312
484	0.14221200299
485	3.8
486	6.140882
487	6.62778298163
488	0.664684521051
489	2.54576527159
490	3.75837897622
491	2.83495787547
492	8.50188372477
493	6.1320388416
494	6.6523465147
495	1.46978029339
496	5.74884387361
497	0.224610330792
498	0.395990535441
499	1.01589113209
500	0.942771470843


input.NRKse20.gz

451	9.23626023126
452	1.44309251383
453	7.90353996337
454	5.70939605249
455	4.50577835387
456	2.36879385481
457	0.223430407548
458	1.66104840328
459	3.42005174397
460	0.0940232128003
461	2.9362969
462	1.03501285132
463	7.2972738809
464	0.891141578052
465	8.72205952138
466	2.39049
467	7.91549817873
468	0.16213865071
469	6.25898220754
470	0.588113170664
471	2.44715554257
472	2.51033476345
473	0
474	0.155886438477
475	2.2735959775
476	3.05399821108
477	0.0141393009803
478	0.00890762389127
479	3.31286618413
480	2.5349077342
481	3.37033032669
482	2.1811605524
483	2.82108260728
484	0.000138692652182
485	0.000544696255227
486	6.140882
487	6.64349311474
488	0.103476973292
489	2.66630701476
490	0.196954349648
491	2.73613995918
492	8.42018830688
493	5.48841094655
494	5.01332163032
495	1.53129431279
496	5.74884373772
497	0.226448785475
498	0.0452782082133
499	0.934891132095
500	0.574973789534


input.pir0Watd.gz

451	5.15621152033
452	5.41863418085
453	5.53062900139
454	13.7494612815
455	7.64269146323
456	1.39625355948e-06
457	2.425692776
458	2.98584267804
459	1.69593257066
460	0.504691313469
461	1.67307406318
462	0.91388836748
463	7.19291994978
464	4.08134374928
465	10.7747818981
466	1.62463839769
467	2.38433668002
468	0.00625195630763
469	7.30917631331
470	2.85162647023
471	2.0
472	2.81371341315
473	9.76677053967e-30
474	8.71122270567e-10
475	2.20498812036
476	4.22290023945
477	0.0328464065365
478	5.59182046197
479	5.61563787619
480	2.75857351653
481	5.14866139305
482	0.815131927819
483	2.47639779964
484	2.1387051422
485	1.07323223863
486	4.12843876239
487	4.2905585886
488	1.71165253524
489	1.34080601411
490	8.02603346362
491	4.37053673753
492	6.70293388371
493	6.25557153319
494	8.02655290996
495	6.16415768239
496	3.93596501491
497	1.01904098823
498	2.63047007619
499	0.732483482855
500	1.30124178617


input.pir0Wt1.gz

451	8.85109381909
452	5.22991252017
453	7.25236949408
454	7.30230860629
455	5.25962715568
456	0
457	1.7461046151
458	2.27940720416e-22
459	3.30349345053
460	0.675099572298
461	1.5080734403
462	4.39852195298
463	0
464	0
465	0.205109489625
466	1.63197251518
467	2.41723268888
468	0.00199810781886
469	6.73401848742
470	2.08583579089
471	1.3122
472	1.294035613
473	0
474	0
475	0
476	1.46312630582
477	2.53560996499e-12
478	0.0239471490735
479	4.5582173152
480	0.713250555895
481	4.96520461931
482	0.232489144127
483	4.0381692721
484	4.19971142797
485	3.8
486	3.61128413442
487	0
488	0.467569964776
489	0.760399119849
490	8.04190192277
491	0.751508001996
492	10.1193965159
493	9.97939298765e-08
494	7.01373994965
495	6.33452647267
496	2.54537267777
497	0.681530498711
498	2.32336637707
499	1.03877400095
500	1.23030485507


input.pir0Wtd2.gz

451	4.16944355608
452	10.2953324913
453	5.41203571631
454	14.2016054485
455	7.54450489193
456	2.11349389494e-17
457	1.00422020953
458	2.48823248212
459	4.33569911496
460	0.0301865699796
461	1.67307406318
462	0.723674648605
463	6.41512103659
464	4.48153163818
465	0.9
466	0.957548804951
467	3.12861170982
468	2.08718963238e-05
469	7.05415155056
470	2.3722275704
471	2.0
472	0.0019664195896
473	3.28892812508e-46
474	9.60170527483e-05
475	2.57063994785
476	4.50523752232
477	0.0215505273286
478	7.00015999705
479	5.52701769818
480	3.09742122428
481	5.37223550285
482	1.60166753832
483	2.53538281331
484	2.33335011685
485	0.869318113289
486	4.19433330918
487	3.60131160376
488	0.775338552421
489	1.05673084101
490	7.40758162531
491	4.64105843657
492	8.55296651097
493	5.68698212337
494	7.63705835825
495	9.45668488572
496	2.72131330798
497	1.01153885659
498	4.09240399722
499	0.663598918887
500	0.813314303314


input.pir0WTTD.gz

451	1.89791143013
452	7.93350516461
453	6.56924999144
454	8.0120894479
455	4.40294969228
456	4.68885221978e-20
457	1.08346296723
458	0.165188262256
459	1.66552095086
460	0.161437386345
461	1.48613901651
462	2.43141357918
463	2.98885618864
464	3.66787881383
465	0.478725543409
466	1.61144721
467	1.3540292679
468	0.00012050623877
469	4.90465742529
470	0.704192516455
471	0.300189270594
472	2.99175607193
473	4.65217924092e-44
474	0.00677378375784
475	0.251914351458
476	0.487596905297
477	0.0266055892946
478	5.02526803782
479	3.56721052941
480	1.85042681356
481	2.90757854806
482	0.0162973972958
483	3.16032268282
484	0.181084766394
485	0.704147671764
486	0.840802499695
487	2.46106614476
488	1.1472010256
489	2.51138394626
490	3.82945306455
491	0.970851877244
492	7.22102284464
493	4.01157379865
494	5.94602405759
495	6.711320466
496	0.636351973212
497	0.416591319252
498	0.248194980796
499	0.0250489820136
500	1.34190861645


input.PuLongAuth.gz

451	6.14314289323
452	3.49628632217
453	7.31092458462
454	11.0940939638
455	4.08993553713
456	0
457	1.19379758636
458	3.17275132941e-20
459	0.654298597443
460	3.77116960284
461	2.15276979877
462	1.70496435727
463	3.90568241177
464	0.0250315550499
465	1.18536192436
466	1.8
467	1.19221386851
468	0.000261107774185
469	8.98144994103e-08
470	0.656100016617
471	0.0409211076659
472	0.744706260183
473	0
474	0.000159267910885
475	0.00427401069965
476	2.62928180539
477	0.270366970585
478	1.15045336994
479	3.01006252992
480	5.5304601366e-19
481	0.00222296403177
482	2.03279259609
483	1.338983573
484	0.0423911583123
485	0.00192860938701
486	3.65507945037
487	5.57965692094
488	0.363853096334
489	0.99950084088
490	2.18087520864
491	0.0500631100999
492	3.38418784435
493	9.44737529072e-06
494	11.4380452171
495	6.22449241832
496	2.2761
497	1.86998677344
498	0.0847823165504
499	3.26568140606e-19
500	3.43661415399


input.PuLongBase.gz

451	6.1462269293
452	3.49935428648
453	7.42975391228
454	11.1729847773
455	3.93573426136
456	0
457	1.04574412827
458	5.98290683843e-20
459	0.714626609891
460	3.8258301175
461	2.16074644308
462	1.7665093673
463	4.30900209406
464	0.0309031543826
465	1.18536204707
466	1.8
467	1.88707160824
468	0.000377070343189
469	1.90683748117e-06
470	0.9000000344
471	0.0691812051919
472	0.74514314535
473	0
474	0.000159267910885
475	0.00499473193165
476	2.7673446596
477	0.300432020039
478	0.959831859649
479	3.01533897826
480	2.68610895493e-18
481	0.00376785782361
482	2.1405604401
483	2.01725892311
484	0.0343368384201
485	0.00102494210124
486	4.06119938929
487	5.53617754793
488	0.611207443125
489	1.16421596739
490	2.19170654261
491	0.0556256779016
492	3.5761208558
493	3.37717231551e-07
494	11.7634636912
495	6.58075465152
496	2.2761
497	1.55617196715
498	0.116299474006
499	1.04065364483e-18
500	3.35693458219


input.PuLongWAuth.gz

451	6.14646273299
452	3.49935428648
453	7.26618164131
454	11.100279053
455	3.93118097507
456	0
457	1.14939121892
458	5.98290683843e-20
459	0.714626609891
460	3.70024583094
461	2.15276979877
462	1.76940445987
463	4.30285989894
464	0.0278128389444
465	1.18536204707
466	1.8
467	1.75068072941
468	0.000358261121283
469	1.90683748117e-06
470	0.6561000344
471	0.0561332066748
472	0.745065789949
473	0
474	0.000159267910885
475	0.0045726142122
476	2.63404920077
477	0.27041309298
478	0.954291165765
479	3.00217015906
480	2.68610895493e-18
481	0.003392147611
482	2.10569259609
483	1.81432412077
484	0.0343368384201
485	0.00173574844831
486	4.06415556588
487	5.53617754793
488	0.508997143639
489	1.04779437065
490	2.19440793461
491	0.0556256779016
492	3.57316467921
493	3.37717231551e-07
494	11.4153202847
495	6.54040004222
496	2.2761
497	1.50834227715
498	0.116299474006
499	1.04065364483e-18
500	3.34935721386


input.PuShortAuth.gz

451	0.732042132479
452	4.57430246427
453	7.88111459689
454	14.1304801565
455	3.1759781458
456	0.208926695619
457	3.13769688339
458	0.00669858218298
459	0.495373762458
460	3.67179735636
461	2.15276979877
462	1.06677419407
463	0
464	0
465	0.0637614824487
466	1.8
467	1.59624588893
468	0.000290119748751
469	8.98144994103e-08
470	0.73975885391
471	0.0163369131708
472	0.301418158727
473	0
474	1.40867220277e-12
475	0.00527661657484
476	2.71321056267
477	7.48626164114e-13
478	0.799064705432
479	2.11673932054
480	0
481	0.000159267910885
482	2.00141153648
483	1.20414555721
484	1.00000035395
485	2.10591539132e-11
486	4.17817339754
487	0
488	0.11048461816
489	0.399004010963
490	1.56186079591
491	0
492	2.69978514622
493	0.00421624168205
494	10.8233741964
495	0.810000003221
496	3.90313488467
497	2.1875414497
498	0.177258762393
499	2.85027483371e-21
500	3.28712208111


input.PuShortBase.gz

451	1.33195520718
452	4.57950694531
453	8.05426376988
454	14.0867585958
455	3.08510277779
456	0.401507192153
457	3.67877077878
458	0.0484262913276
459	0.589893234276
460	3.6596350644
461	2.16074644308
462	0.964617636221
463	0
464	0
465	0.177332817945
466	1.8
467	2.57980124903
468	0.000367168922494
469	1.90683748117e-06
470	1.0222722377
471	0.0854785151596
472	1.11237864551
473	0
474	5.71461407801e-10
475	0.00616640973902
476	2.86984294645
477	9.2422983224e-13
478	0.379043180172
479	2.51323900323
480	0
481	0.000332989636532
482	2.10569259609
483	1.60821871187
484	1.00000000152
485	4.67203907277e-14
486	5.13305234353
487	0
488	0.156520522509
489	0.472710334338
490	1.62412064554
491	0
492	2.69979209897
493	0.00980920595132
494	12.0140722643
495	0.81000951977
496	4.79827984774
497	2.21949082361
498	0.218837978263
499	9.08278709904e-21
500	3.29912102203


input.ric9dpn.gz

451	10.4847904846
452	8.62706816971
453	7.42284795174
454	14.2594546603
455	5.6517128799
456	7.58358411512e-23
457	2.31198571056
458	1.30261182538
459	5.52113505818
460	0.975671283743
461	3.4466293812
462	2.39468430092
463	9.56699300452
464	1.15951120683
465	3.11241146817
466	1.80019662705
467	5.25666767694
468	0.458426158295
469	6.73234334763
470	3.76541636779
471	2.03434042625
472	2.64236057463
473	1.79330645024e-10
474	0.039000063993
475	2.66087043961
476	6.12406872779
477	0.000353956875598
478	5.4834685979
479	6.44764079639
480	1.41078982926
481	5.62591183741
482	1.16073494433
483	5.25403632528
484	2.05880817246
485	3.8
486	6.7322
487	4.94049150331
488	1.97329632679
489	3.70805448825
490	7.82392741255
491	3.30837316567
492	7.4073892756
493	3.61335680152
494	10.476728294
495	9.22067670568
496	4.82236255607
497	0.548280674723
498	3.3703225353
499	1.01077761778
500	1.24159073568


input.ric9dpx.gz

451	10.1506399451
452	9.61619463
453	5.93057552389
454	14.3713695648
455	6.39849715711
456	0
457	0.937328079158
458	0.176069098436
459	2.52107428141
460	0.30184014642
461	3.10581081889
462	2.44377007966
463	4.00953055961
464	1.05809365491
465	0.729693358857
466	1.06288200025
467	3.51002738655
468	0.0799775316966
469	5.4550482291
470	3.68370953452
471	2.00000000046
472	4.03496426112
473	0
474	0.000126048469179
475	3.77569177851
476	4.68545030244
477	4.63655775952e-07
478	8.68933614815
479	6.62211881009
480	1.78050434015
481	6.63331276932
482	0.517808522432
483	5.74961225436
484	1.06244556525
485	1.635775398
486	5.375820978
487	4.55386480218
488	1.28221988682
489	4.12676715009
490	8.87622151701
491	3.84132380073
492	7.73550210359
493	1.94969027489
494	13.4356693093
495	9.83961865971
496	4.30336199702
497	1.11382831422
498	2.46752939156
499	0.787165421243
500	0.883520829339


input.ric9dpxL.gz

451	10.1506399451
452	9.61619463
453	3.77901787117
454	14.3713695648
455	6.39849715711
456	0
457	0.937328079158
458	0.176069098436
459	2.52107428141
460	0.30184014642
461	3.10581081889
462	2.44377007966
463	4.00953055961
464	1.05809365491
465	0.729693358857
466	1.06288200025
467	3.51002738655
468	0.0799775316966
469	5.4550482291
470	3.68370953452
471	2.00000000046
472	4.03496426112
473	0
474	0.000126048469179
475	3.77569177851
476	4.68545030244
477	4.63655775952e-07
478	8.68933614815
479	6.62211881009
480	1.78050434015
481	6.63331276932
482	0.517808522432
483	5.74961225436
484	1.06244556525
485	1.635775398
486	5.375820978
487	4.55386480218
488	1.28221988682
489	4.12676715009
490	8.87622151701
491	3.84132380073
492	7.73550210359
493	1.94969027489
494	13.4356693093
495	9.83961865971
496	4.30336199702
497	1.11382831422
498	2.46752939156
499	0.787165421243
500	0.883520829339


input.ric9dsx.gz

451	10.3928940181
452	9.80179219768
453	6.77384186186
454	14.3972909349
455	6.76415783968
456	0
457	0.666492984005
458	0.224062962972
459	2.81037482437
460	0.582692986079
461	3.11188315438
462	2.90244120524
463	2.92056345422
464	0.957355351521
465	0.790680867397
466	0.775252076317
467	4.54031842084
468	0.0259881349209
469	0.641417993743
470	3.61356784079
471	2.00000035334
472	3.57883969373
473	0
474	0.000462009150988
475	4.35001983343
476	5.44539272474
477	0.0013923975557
478	9.82743469274
479	6.39964376566
480	1.27991734214
481	6.56603301283
482	1.1245325086
483	6.16944944399
484	1.98160955663
485	2.0194758
486	5.7267938
487	4.91344720489
488	2.38137071822
489	4.17997351162
490	8.24187515627
491	3.02670421292
492	6.5372583373
493	6.55837009643e-05
494	13.8570185825
495	11.0447477512
496	4.46931179046
497	1.1115650755
498	2.45110194168
499	1.40049546876
500	0.951716979892


input.ric9tpx.gz

451	10.5670469853
452	7.15380373497
453	10.1269627524
454	14.1646035931
455	6.57557591099
456	4.62273698191e-06
457	0.801121815614
458	0.13449044599
459	1.16799174782
460	4.84356340383
461	3.30750201889
462	2.77013866732
463	3.58661290049e-10
464	0
465	0.211291468825
466	1.18098
467	4.99669796942
468	0.0621213625587
469	4.40340096286
470	2.46569072195
471	0.627621192699
472	3.05701174292
473	0
474	0
475	2.83162208423
476	4.01200770884
477	4.17383610973e-21
478	3.91768498408e-09
479	4.63009673792
480	3.22924601802e-06
481	6.70391443927
482	1.09611833326
483	1.36051193904e-14
484	0.000912961459656
485	3.078
486	5.795082
487	0
488	1.07572931843
489	0.561140268009
490	8.90764009857
491	0.0573848952574
492	10.2585819555
493	1.44601943138e-28
494	14.3815226071
495	12.4134352834
496	3.781031431
497	2.52241371294
498	1.47288737586
499	0.145707384199
500	1.1851388387


input.rmitNFGweb.gz

451	6.5698557229
452	1.25250558177
453	4.26869574239
454	1.23253483571
455	0.00443706246892
456	0
457	0.00131002050864
458	0.387420489
459	1.61492588635
460	0
461	2.989441
462	1.25229694972e-13
463	5.00006534075
464	0
465	0.00161730968671
466	2.0
467	6.53642994494
468	0.0556495847853
469	0.0848879704615
470	0
471	1.17037675024e-05
472	4.295799692e-08
473	0
474	0
475	1.28323605099
476	0.822871816997
477	0.629617870291
478	0.00034003938725
479	1.78225995868
480	8.75389599395e-44
481	0.0250319723385
482	2.20939536295e-17
483	0.670256927789
484	0.900000326042
485	0.117431986654
486	4.37527947401
487	1.93281767923
488	0.353310069072
489	0.000729634138476
490	0.000129007254094
491	2.78954761344e-43
492	1.61064921118e-17
493	0.155291161403
494	4.60583516431
495	0
496	3.62661084777
497	1.41272176566
498	0.000123407303834
499	0.166771817868
500	0.0228088974776


input.rmitNFLweb.gz

451	6.46419131703
452	1.36195563334
453	4.26869574239
454	2.92509204206
455	0.00608650544434
456	0
457	0.00131002050864
458	0.387420489
459	0.00015264123961
460	0
461	2.989441
462	7.48933923071e-13
463	5.00006534075
464	0
465	0.00161730968671
466	2.0
467	6.67669400904
468	0.0556495852251
469	0.129573538593
470	0
471	6.29061196966e-06
472	2.05466855875e-08
473	0
474	0
475	1.28684787628
476	0.822871816997
477	0.63036011963
478	0.00034003938725
479	1.78034344861
480	3.44388594252e-43
481	0.0250319723385
482	5.61598654627e-18
483	0.735866879304
484	0.900000464924
485	0.130479985171
486	4.35318257394
487	1.93281767923
488	0.356729295352
489	0.000729634138476
490	4.43026460953e-06
491	6.48027898208e-43
492	2.17574825349e-18
493	0.155291161403
494	4.60583516431
495	0
496	3.62661084777
497	1.41272176566
498	0.000111066573451
499	0.0523347680032
500	0.0151301565812


input.rmitWFGweb.gz

451	2.31382774008
452	3.1099372733e-07
453	0.720432662369
454	0.0552215699361
455	0
456	0
457	0
458	2.44982391959e-24
459	1.30536156681e-17
460	0
461	1.18098
462	0
463	1.35096373723
464	0
465	2.61029976673e-13
466	0
467	0.402439983152
468	0
469	3.80581452951e-13
470	0
471	2.95126654307e-05
472	2.10998349887e-20
473	0
474	1.14395431534e-19
475	0.170492594116
476	0
477	0
478	4.32039945723e-08
479	2.35416593056e-06
480	0
481	8.84467056135e-09
482	0
483	5.79444038755e-16
484	2.72202657732e-24
485	0
486	0.0772176367116
487	0.000299690672878
488	4.42969281764e-06
489	9.38522686028e-12
490	2.81734441151e-12
491	0
492	4.95691719569e-33
493	0.0343389576954
494	1.4210657635
495	0.00463839768659
496	0.166522760446
497	0.0330956211595
498	0
499	0.000369988485035
500	3.05554141642e-11


input.rmitWFLweb.gz

451	3.01046223137
452	0.965923264527
453	1.53914976549
454	2.52815818602
455	0
456	0
457	1.48861005025e-29
458	0.81
459	0.0984770902792
460	0
461	2.18098
462	3.37442246692e-10
463	2.86059999889
464	0
465	7.61773483069e-05
466	2.0
467	4.51844456498
468	0.032847803811
469	0.0405555410125
470	0
471	1.27042347476e-05
472	9.97938882337e-08
473	0
474	0
475	0.170124535025
476	0.00785516721128
477	0.00161730926992
478	2.49828211579e-05
479	1.18731685979
480	0
481	1.66428080679e-08
482	5.34120897457e-35
483	0.000411126918043
484	0.0984770902184
485	0.000672464512626
486	3.43230746728e-06
487	0.887456187857
488	2.15165552107e-05
489	9.38522686028e-12
490	4.42985321635e-06
491	0
492	4.60977637041e-24
493	0.0343561547741
494	1.64864216475
495	0
496	1.98204969281
497	1.03309562116
498	2.50215214279e-06
499	0.000411098316706
500	1.93632719565e-05


input.Sab9web1.gz

451	11.1130459371
452	8.20278969815
453	1.45726935761
454	11.8629416174
455	3.55626743508
456	0.0406672641501
457	1.52004109352
458	0.215659156086
459	5.8502692965
460	0.00020798787094
461	2.76093442
462	4.25642738811
463	0
464	0
465	0.240625042457
466	1.8
467	6.75364372364
468	0.00408740233868
469	0.145165036794
470	0.46851386717
471	0.778272473074
472	0.663169650576
473	0
474	0
475	2.1800078871e-06
476	3.58048749409
477	1.3613984535e-05
478	0.117178603476
479	2.22495806639
480	1.39008452377e-06
481	4.38439274137
482	0.398771357988
483	0.0433472238869
484	3.7536477407
485	0.0951199091897
486	5.3955738
487	0
488	2.54242400661
489	0.299420458417
490	2.36157863153
491	5.80298835589e-09
492	6.61561668614
493	0.106001584938
494	13.4993723191
495	2.39052589989e-05
496	5.58822184099
497	0.109442141419
498	1.62
499	0.156520276104
500	1.69256139034


input.Sab9web2.gz

451	10.0449804665
452	9.37081989569
453	11.3657753977
454	14.1950796662
455	4.60104771858
456	1.70401535423
457	2.39411289089
458	0.539275015097
459	7.86569535167
460	3.62300561143
461	3.08098
462	1.21207658403
463	5.01162980733
464	1.14070231002
465	7.29095416284
466	2.00117901846
467	7.02229968525
468	0.119490979292
469	2.59170447531
470	0.970409112427
471	1.97421934047
472	2.01721182042
473	0
474	2.23004184431e-24
475	2.78400516098
476	5.53671067451
477	0.196954332538
478	8.38572432822
479	3.51555426315
480	0.729349976936
481	4.11208885367
482	0.399439447828
483	2.72383999909
484	0.51329977134
485	0.570359614129
486	5.54381642
487	6.15236237353
488	3.78274936894
489	2.03674347317
490	6.9867343731
491	4.0010116186
492	9.54723152334
493	7.56023856895
494	14.6147917434
495	0.602239300779
496	6.36955062539
497	0.777340356698
498	1.77196356827
499	0.931576654591
500	3.62476527623


input.Sab9web3.gz

451	9.77049112131
452	9.12612274235
453	11.792939054
454	13.9659426477
455	5.00317785389
456	0.66375359803
457	2.27373388533
458	0.0564000526127
459	7.69670051092
460	4.02179402819
461	3.08098
462	1.53688644388
463	4.85793018051
464	1.32779582163
465	7.95746999449
466	2.00000000001
467	6.53896558011
468	0.16388477595
469	3.50740166534
470	0.983014594631
471	1.97196263856
472	2.24537342583
473	0
474	2.89789894353e-24
475	2.59022149349
476	7.05055553729
477	0.177258810124
478	8.29791744404
479	3.66469540156
480	0.810158373525
481	4.00212038376
482	0.535218055994
483	2.38191986647
484	0.363329518871
485	0.633732904587
486	5.295722978
487	6.85355504767
488	3.810240221
489	2.32314430887
490	7.20441949501
491	4.136309628
492	9.5927892783
493	7.63120546964
494	14.6626310575
495	0.665799798525
496	6.33583166073
497	1.757410982
498	2.3084267154
499	0.889766443077
500	3.65581799476


input.Sab9web4.gz

451	10.0449804665
452	9.72676052066
453	11.2921274229
454	14.1843755077
455	4.31126633609
456	1.87178652038
457	2.38011134833
458	1.23049195673
459	7.84205547711
460	3.73916001998
461	3.08098
462	1.32511852428
463	5.00906101238
464	1.00500751361
465	7.21170871897
466	2.00095500495
467	6.96760388504
468	0.119490970694
469	2.56267875014
470	0.884128189058
471	2.02682817789
472	1.99274320817
473	0
474	4.3357678851e-28
475	2.44580412753
476	4.64068815466
477	0.177258931395
478	8.38570813751
479	3.51558423055
480	0.810614609624
481	4.17614050794
482	0.398883249866
483	2.75970253521
484	0.52519323968
485	0.633732904587
486	5.27552822
487	6.15238934364
488	3.74795019716
489	2.3544298613
490	6.91426531374
491	4.04896706645
492	9.16621505435
493	7.54897479635
494	14.6073792586
495	0.599610597533
496	6.37006604949
497	0.815431019318
498	1.57017727225
499	0.945085171767
500	3.56791056462


input.Sab9web5.gz

451	9.84743189294
452	9.53333772098
453	11.0910946409
454	14.1619577407
455	3.70411525245
456	1.22041316559
457	2.39411289089
458	0.539275015097
459	7.86569535167
460	3.62300561143
461	2.89098
462	1.21207658403
463	2.62751111489
464	2.00948485151
465	6.52368588194
466	2.00095500495
467	6.29719292427
468	0.119486922318
469	2.59170447531
470	0.970409112427
471	1.97421934047
472	1.22542786667
473	0
474	2.23004184431e-24
475	2.50735521701
476	5.53252112401
477	0.0364960549939
478	8.38572432822
479	3.51555426315
480	0.729349976936
481	4.11208885367
482	0.157310864698
483	2.72383999909
484	0.415772814786
485	0.570359614129
486	5.54381642
487	6.14041239294
488	3.45506322004
489	2.03674347317
490	6.9867343731
491	3.88279254216
492	6.83698877948
493	6.13521871103
494	14.6147917434
495	0.602239300779
496	6.36955062539
497	0.777340356698
498	1.59476721144
499	0.257091817654
500	3.62476527623


input.Scai9Web1.gz

451	2.19641165371
452	3.90100840774
453	1.92663937915
454	9.93160165923
455	0.0250334310674
456	0
457	0.585011257817
458	1.16099914233
459	2.13930362076
460	4.20565859139
461	0.405509355628
462	0.00572648964678
463	4.22348032293
464	0.205975408376
465	0.437600840233
466	1.45800066487
467	5.9814917088
468	0.00835033075634
469	5.72690315724
470	4.84438788527
471	0.116299474006
472	2.52457277121
473	0
474	4.36662148245e-16
475	1.86737297651
476	5.93559291279
477	1.7815262513e-35
478	0.000286996554163
479	3.88924016927
480	0.00020025004169
481	0.00232181921816
482	0.123223670864
483	0.00930412159102
484	2.05834127011
485	0.0856079182708
486	1.0028836806
487	3.39103907218
488	0.0471133297539
489	1.07206402972
490	0.0724627819705
491	1.80145783028
492	1.58237034353
493	0.000129488636558
494	8.29903713271
495	3.0325308746
496	3.75171787865
497	2.71969422972
498	9.00977876631e-13
499	0.910775263664
500	1.54889146112


input.Scai9Web2.gz

451	1.71858994605
452	4.47228367605
453	0.00323461867047
454	10.1455094301
455	4.23013783367e-06
456	0
457	0.585011257817
458	1.16101466017
459	2.44993839432
460	4.20565859139
461	0.405509355628
462	0.00572648964678
463	4.72737082407
464	0.282945621732
465	6.62586677489e-08
466	1.45800154454
467	6.00705618954
468	0.0266165560413
469	4.84408191755
470	4.84438788527
471	0.116299474006
472	2.52457277121
473	0
474	4.36662148245e-16
475	2.14489029202
476	5.97452321668
477	1.7815262513e-35
478	0.000286996554163
479	3.4170064368
480	0.00020025004169
481	0.00232181921816
482	0.123223670864
483	0.00930412159102
484	1.55635701232
485	0.0856079182708
486	0.259221456674
487	3.39103907225
488	0.0471133297539
489	1.07206402972
490	0.0724627819705
491	1.80043699673
492	0.411782294146
493	0.000129488636558
494	8.29903713271
495	3.12270099111
496	3.75172058011
497	2.84335703623
498	9.00977876631e-13
499	0.910775263664
500	1.54889146112


input.Scai9Web4.gz

451	2.26173255087
452	4.28456542348
453	0.592002118275
454	10.0603614918
455	4.23013783367e-06
456	0
457	0.585011257817
458	1.16101465338
459	2.21550197061
460	4.20565859139
461	0.405509355628
462	0.00572648964678
463	4.22957082407
464	0.282695348278
465	0.185520495559
466	1.45800154454
467	5.92583925953
468	0.0193990931925
469	6.35826800141
470	4.84438788527
471	0.116299474006
472	2.52457277121
473	0
474	4.36662148245e-16
475	1.63536958715
476	5.97313923159
477	1.7815262513e-35
478	0.000286996554163
479	3.95045730238
480	0.00020025004169
481	0.00232181921816
482	0.123223670864
483	0.00930412159102
484	1.77977080152
485	0.0856079182708
486	0.724153713164
487	3.39103907225
488	0.0471133297539
489	1.07206402972
490	0.0724627819705
491	1.80016931866
492	0.993089807263
493	0.000129488636558
494	8.29903713271
495	3.20816723124
496	3.75172058011
497	2.72157721995
498	9.00977876631e-13
499	0.910775263664
500	1.54889146112


input.tnout9f1.gz

451	9.10850755762
452	8.15819183357
453	9.11093187952
454	6.2971041004
455	4.3512641742
456	0.202290317453
457	2.83513060304
458	1.68512954902
459	6.96313032552
460	1.64107852263
461	3.34900000522
462	0.74728082719
463	5.75246937306
464	0
465	6.85742348692
466	2.28242953648
467	7.50717540088
468	0.605009130713
469	6.29230187535
470	1.97885274914
471	2.79118517604
472	1.68421318878
473	0
474	0.00534590819114
475	6.24483351862
476	3.86946365448
477	0.62762119218
478	5.88212655691
479	3.00870044824
480	0.544483164567
481	3.11379272864
482	1.18007575564
483	3.29817758681
484	1.51605307229
485	3.8
486	5.833082
487	6.35412168434
488	2.38678265492
489	3.94063301316
490	3.34542985956
491	2.96849676405
492	8.1946949739
493	6.32514941057
494	8.71172982716
495	0.123194431442
496	6.09122150875
497	0.0541390120952
498	0.79967973884
499	1.15418658283
500	2.87971414092


input.tnout9t2.gz

451	10.8042749556
452	4.13022760731
453	9.66957839004
454	11.0418477015
455	4.73635702499
456	6.39477055413e-37
457	1.21771626204
458	0.551130250149
459	4.19975205185
460	3.64997331143
461	3.36104325272
462	2.12489092566
463	0
464	0
465	0.0297393561421
466	1.80006170365
467	4.95197181806
468	0.0515463778763
469	5.7512464967
470	2.8879222877
471	1.4587810868
472	0.477508004267
473	0
474	1.40266418661e-21
475	1.72867369322
476	3.6647676519
477	2.7097307058e-42
478	0.0392632130656
479	4.80766496191
480	0.150200148883
481	3.38388808896
482	0.0978608527939
483	0.0366314163905
484	0.857091003835
485	3.8
486	6.175082
487	0.282988258733
488	1.31084868741
489	1.57377675027
490	5.86897336672
491	0.338508482155
492	6.87661334157
493	0.0686687496176
494	10.2127645551
495	0.0152996523798
496	4.47938423164
497	2.40353325273
498	1.35483319872
499	1.90004997996
500	0.382342770905


input.tnout9t2lc10.gz

451	10.8042749556
452	4.13022760731
453	9.07687529004
454	11.0418477015
455	4.26779802499
456	6.39477055413e-37
457	0.986350177979
458	0.551130250149
459	4.19975205185
460	3.64997331143
461	3.36104325272
462	2.12489092566
463	0
464	0
465	0.0297393561421
466	1.80006170365
467	4.95197181806
468	0.0515463778763
469	5.7512464967
470	2.6879222877
471	1.4587810868
472	0.477508004267
473	0
474	1.40266418661e-21
475	1.72867369322
476	3.6647676519
477	2.7097307058e-42
478	0.0392632130656
479	4.80766496191
480	0.150200148883
481	3.38388808896
482	0.0978608527939
483	0.0366314163905
484	0.857091003835
485	3.42
486	6.175082
487	0.282988258733
488	1.31084868741
489	1.57377675027
490	5.86897336672
491	0.338508482155
492	6.87661334157
493	0.0686687496176
494	10.2127645551
495	0.0152996523798
496	4.09928623164
497	2.40353325273
498	1.10551519872
499	1.71004997996
500	0.382342770905


input.tnout9t2lc50.gz

451	9.73776048413
452	3.26518138681
453	8.40429729508
454	11.0418477015
455	4.27343880555
456	6.39477055413e-37
457	1.73254572169
458	0.551130250149
459	4.19975205185
460	3.64997331143
461	1.98590867272
462	1.95240223566
463	0
464	0
465	0.0297393561421
466	1.62006170365
467	4.4753094044
468	3.80133494097
469	5.7512464967
470	1.99066299379
471	0.697926292478
472	0.446126944658
473	0
474	1.40266418661e-21
475	1.54398943229
476	2.92522834007
477	2.7097307058e-42
478	0.0354988652429
479	4.80766496191
480	0.150200148883
481	2.76662125589
482	0.0728062088739
483	0.0336752398022
484	0.857091003835
485	3.078
486	4.501634778
487	0.254745305084
488	1.99032242629
489	1.27662783157
490	5.86897336672
491	0.278884468898
492	6.19532129842
493	0.0686687496176
494	9.19420355593
495	0.0137696871418
496	3.33013758801
497	1.94744015273
498	1.10551519872
499	1.71004997996
500	0.382342770905


input.tnout9t2lk50.gz

451	10.7501529672
452	2.13804639206
453	3.86149059462
454	6.82314245479
455	0.000678914719719
456	3.71087790604e-45
457	7.27144618336e-09
458	3.19820242387e-09
459	2.19340010268e-08
460	1.9062677361e-08
461	1.8658019155e-08
462	1.10976455785e-08
463	0
464	0
465	8.25431098231e-11
466	4.04689257723e-09
467	2.31265034439e-08
468	6.84297548895e-11
469	1.43665753232e-08
470	9.12711821297e-28
471	7.61876069368e-09
472	2.49387604949e-09
473	0
474	5.93380043319e-30
475	9.02832598056e-09
476	2.01902845003e-08
477	0
478	2.0505957139e-10
479	2.6264621794e-08
480	5.71863133965e-10
481	1.46958615212e-08
482	3.72589603856e-10
483	1.54964756726e-10
484	3.26323742815e-09
485	1.98462201751e-08
486	3.22505360451e-08
487	0
488	4.49176275591e-09
489	8.21934754987e-09
490	1.18751452992e-08
491	2.90349867456e-11
492	1.7177754044e-08
493	2.35300790236e-10
494	5.33242031363e-08
495	2.50751405373e-11
496	3.69669153042
497	3.545311968e-09
498	4.64248037238e-09
499	9.92337111737e-09
500	1.99685758257e-09


input.UCCS1.gz

451	0
452	0.000626578748218
453	0.275643112197
454	0.0717902736546
455	0
456	0
457	6.27323424421e-19
458	6.72374841754e-20
459	0.0119725151826
460	0.729
461	0.00212223322399
462	0
463	0
464	0
465	0
466	0
467	0
468	1.12319730901e-17
469	0.0450567995065
470	2.20814386459
471	0
472	0
473	0
474	2.65613988876e-05
475	0.000214593985947
476	0.372694469806
477	0
478	0.0069097435838
479	0
480	0
481	2.31353578918e-14
482	0
483	0.0175037689706
484	0
485	0
486	0
487	0
488	0.00273892744995
489	2.10714232622
490	2.27825861183e-15
491	0
492	0.498830416724
493	2.9051564494e-10
494	9.48555948245
495	0.0100307271137
496	4.07609985508
497	2.71
498	0.810000000162
499	1.2057741407e-29
500	2.86206076307e-07


input.UCCS2.gz

451	0
452	0.000696198609131
453	0.275643112197
454	0.283576546718
455	0
456	0
457	6.97026027135e-19
458	6.72374841754e-20
459	0.0309031543826
460	0.729
461	0
462	0
463	0
464	0
465	0
466	0
467	0
468	0
469	0.0450567995065
470	2.20814386459
471	0
472	0.43046721
473	0
474	2.65613988876e-05
475	0.000214593985947
476	0.206339325657
477	0
478	0.0069097435838
479	0
480	0
481	0.314437174838
482	1.36891479059e-07
483	0.0175037689706
484	0
485	0
486	0
487	0
488	1.00504269986e-34
489	2.10714232622
490	2.53139845759e-15
491	0
492	1.062882
493	2.9051564494e-10
494	9.48555948245
495	0.00706965063541
496	4.07609985508
497	2.71
498	1.61397580522e-10
499	1.2057741407e-29
500	2.57585468676e-07


input.UCCS3.gz

451	0
452	0
453	0
454	0
455	0
456	0
457	0
458	2.16678855021e-32
459	0
460	0
461	0
462	0
463	0
464	0
465	0
466	0
467	0
468	0
469	0
470	0
471	0
472	0
473	0
474	0
475	0
476	1.23823603531e-41
477	0
478	0
479	0
480	0
481	0
482	0
483	0
484	0
485	0
486	0
487	0
488	0
489	0
490	0
491	0
492	2.23804108793e-27
493	0
494	0
495	0
496	0
497	0
498	0
499	0
500	0


input.UCCS4.gz

451	0
452	0
453	0
454	0
455	0
456	0
457	0
458	2.40754283357e-32
459	0
460	0
461	0
462	0
463	6.34957119779e-10
464	0
465	0
466	0
467	0
468	0
469	0
470	0
471	0
472	0
473	0
474	0
475	0
476	5.33020011441e-42
477	0
478	0
479	0
480	0
481	0
482	0
483	0
484	0
485	0
486	0
487	0
488	0
489	0
490	0
491	0
492	1.77685179489e-25
493	0
494	0
495	0
496	0
497	0
498	0
499	0
500	0


input.uwmt9w10g0.gz

451	10.0840139359
452	3.78562665808
453	6.99195312644
454	12.0162091006
455	3.19681844116
456	9.30910633308e-10
457	2.72962144794
458	0.326366831476
459	2.30856007636
460	1.56263234632
461	4.070441
462	2.67515714899
463	0
464	0.00143953360206
465	0.487349868104
466	0.0029160785667
467	2.70676570854
468	2.88082810249
469	1.85580036229
470	5.10952502313
471	0.159533554204
472	1.3787984008
473	7.14941693025e-16
474	1.24902185864e-14
475	6.15048385455e-05
476	5.97260958303
477	4.36785623016e-11
478	2.02738153776e-07
479	8.03000866354
480	1.87392770409e-14
481	5.60276149432
482	0.279105825204
483	0.435274444397
484	0.00215604536289
485	1.07323223863
486	6.482882
487	4.85440652936
488	0.156602044308
489	0.889603977273
490	5.30468080542
491	1.20506991095
492	6.61669344086
493	2.95736343797e-37
494	9.55249984983
495	6.42264773388
496	4.14911496831
497	3.06342950951
498	1.8
499	1.00273892745
500	1.42023140069


input.uwmt9w10g1.gz

451	10.8716175283
452	3.68415247555
453	3.37576447526
454	12.3162994611
455	5.63014988176
456	0
457	0.034234028518
458	1.14989271516
459	1.55377851755
460	0.124775330154
461	3.29705721
462	1.72925187028
463	6.96259728553
464	3.73943101121
465	1.57668230532
466	0.000741367054594
467	2.80875737058
468	4.04080731621
469	8.29260195905
470	2.0
471	1.62000000003
472	1.84992524512
473	8.3352484179e-06
474	0.432749760278
475	0.900041983409
476	5.13791985587
477	0.270170343536
478	7.12268912001
479	5.26222057785
480	0.0425538626548
481	4.52127377034
482	0.620210398061
483	2.96072615727
484	1.33762413151e-12
485	0.000112148128636
486	3.44526929296
487	3.7352600379
488	1.56355972234
489	2.4760426829
490	6.34182301367
491	2.45630900324
492	2.91673010651
493	0.797919111408
494	8.04327968469
495	7.17704075321
496	2.71136444106
497	0.368601903524
498	0.944919036325
499	0.810000000001
500	1.47643738834e-17


input.uwmt9w10g2.gz

451	10.1848581951
452	3.78562297191
453	6.98676427392
454	11.9743343736
455	2.97413628057
456	5.25093880078e-10
457	2.72699982926
458	0.286250511314
459	2.30852662426
460	1.57180021036
461	4.070441
462	2.68510669019
463	0
464	0.00143953349241
465	0.48732648186
466	0.0029160785667
467	2.70364946382
468	2.88082598957
469	1.85544096023
470	5.10066197035
471	0.159533408496
472	1.37874108998
473	2.76983060318e-16
474	4.83896659246e-15
475	5.98985239423e-05
476	5.90850818003
477	8.98510980601e-12
478	3.17247922328e-07
479	8.00552064414
480	1.68653493363e-14
481	5.60272407335
482	0.273802149143
483	0.435274459251
484	0.00215196983549
485	1.07323223863
486	6.3765938
487	4.77827610107
488	0.156327048553
489	0.804643484863
490	5.30325893319
491	1.20506991095
492	6.64638738063
493	1.14710030874e-37
494	9.13456259486
495	6.42926285884
496	4.1415461462
497	2.70869969831
498	1.8
499	1.00273892745
500	1.42023140069


input.uwmt9w10g3.gz

451	10.9719401431
452	3.68395280773
453	3.37576447518
454	12.3143031444
455	5.54782662872
456	0
457	0.0229498457266
458	1.14850416202
459	1.55377779808
460	0.124775328805
461	3.29705721
462	1.7055444935
463	6.63111136862
464	3.73943101121
465	1.5766801329
466	0.000741367054594
467	2.77674684531
468	4.04079441416
469	8.29260195905
470	2.0
471	1.62000000002
472	1.80318390113
473	8.3352484179e-06
474	0.432667063084
475	0.900041983409
476	5.09381171512
477	0.243153309181
478	7.12268495548
479	5.25904200957
480	0.0425246915161
481	4.52127369166
482	0.61565994238
483	2.94013704406
484	9.66026445411e-13
485	0.00585465955712
486	3.44526929296
487	3.7352414133
488	1.56237624949
489	2.4760426829
490	6.4607122014
491	2.45622341033
492	2.91673123248
493	0.797737422103
494	8.07742106163
495	7.17704075321
496	2.71119295134
497	0.790092966009
498	0.944918989959
499	0.810000000001
500	1.32868372653e-17


input.uwmt9w10g4.gz

451	10.0907677585
452	4.73757015667
453	3.35993855612
454	9.13316703969
455	2.81072621176
456	2.19693547241e-18
457	0.641142415072
458	4.35757104317
459	1.52291095832
460	2.29141992651
461	3.61269
462	2.77655858489
463	0
464	0.0779136135396
465	0.109513697651
466	2.0
467	3.2749702029
468	0.627499041799
469	6.5702
470	4.78836206565
471	0.00101505757211
472	1.51280152613
473	0
474	4.3353148649e-28
475	4.00818428352
476	5.95242281122
477	7.17295656089e-05
478	1.07714171543
479	7.56167792558
480	1.14928687099e-12
481	5.29716217751
482	1.29385907296
483	0.0912269815447
484	1.88299392379
485	2.49318
486	5.79060403777
487	2.94990576613
488	0.0987183035088
489	1.27584454914
490	6.01401785416
491	1.55982459877
492	5.93667028955
493	8.74199666757e-22
494	6.1872207471
495	4.69840744031
496	3.6406450138
497	1.9758770655
498	2.24165164164
499	0.0988470787034
500	1.5240773905


input.uwmt9w10g5.gz

451	10.0616831649
452	4.73756906538
453	3.3271393074
454	9.07990366684
455	2.81601878426
456	6.89421630168e-19
457	0.595950084181
458	4.35541216618
459	1.5293284798
460	2.29246409143
461	3.54708
462	2.80762809863
463	0
464	0.0779136135396
465	0.109524021352
466	2.0
467	3.23494908941
468	0.627499040961
469	6.5702
470	4.77630743267
471	0.00101505757211
472	1.5096705415
473	0
474	3.51160504085e-28
475	4.00984421686
476	5.85712776669
477	5.22908533289e-05
478	1.23938707793
479	7.51032602825
480	9.21820819046e-13
481	5.29668578969
482	1.29385907296
483	0.0851217853144
484	1.88286832802
485	2.49318
486	5.79060403777
487	2.82169916673
488	0.0987170471244
489	1.27584083149
490	6.03747669023
491	1.55982459877
492	6.02019930786
493	2.65460983018e-23
494	4.74614929453
495	4.69840744031
496	3.60788169308
497	1.8442580401
498	2.19997694555
499	0.0987767808912
500	1.5240773905


input.xvsmmain.gz

451	11.5259643494
452	3.92639464704
453	7.48340433283
454	9.09962065124
455	2.97419311268
456	1.3883598983e-14
457	1.05064216702
458	0.0695939063984
459	6.08260398008
460	1.12430891832
461	2.87433757834
462	1.67750836034
463	7.43137168781
464	4.0771949289e-32
465	0.00203992332569
466	0.300189270594
467	5.70297346452
468	0.141966815827
469	0.00117943575076
470	2.1159344588
471	1.62
472	0.693210499178
473	0
474	0.00645666146362
475	2.34500689252
476	3.12906611534
477	0.95660409043
478	0.834361106592
479	3.77827281436
480	0.260067357052
481	2.05087340823
482	1.32557253145
483	1.21831466008
484	2.166771817
485	3.8
486	3.72139659018
487	5.47723833101
488	1.79161151996
489	2.23653101974
490	3.14476825276
491	2.73536268544
492	8.13999573428
493	2.21038641551
494	5.55792063321
495	1.01093863435
496	5.26230151356
497	1.66502703279
498	1.21930782259
499	1.38743617324
500	3.41500901232


input.xvsmman.gz

451	8.11547996342
452	7.5270553774
453	5.97077657167
454	7.29465729659
455	5.3885165554
456	0.906923606104
457	0.597256159981
458	2.37007601837e-08
459	6.61895369866
460	1.29021387272
461	2.87449930927
462	1.00010154802
463	7.68638848057
464	0.0423911582752
465	6.1792363805
466	2
467	2.59049
468	0.161194181716
469	6.1902
470	1
471	1.80339754969
472	1.94826950469
473	0
474	1.44240758539
475	4.99282902265
476	3.12664430376
477	0
478	4.37325896203
479	3.05732122001
480	7.06544832965e-10
481	2.07088398051
482	0.732917945911
483	3.0896337739
484	1.74042953648
485	3.42
486	3.42
487	4.94386789597
488	1.82623165139
489	4.98578555071
490	5.53443870511
491	1.86199113209
492	8.75025720154
493	2.26923103741
494	8.12113635415
495	4.1916488477
496	3.89909275875
497	2.078328699
498	1.09941800519
499	1.38742975039
500	2.60176896209


input.xvsmtdn.gz

451	11.1371586405
452	5.1935456897
453	7.50097227121
454	8.86312264236
455	3.43182259565
456	0.909281050724
457	1.34111316043
458	0.0927156699184
459	6.60427848704
460	1.08183230527
461	2.87510053123
462	1.46963481123
463	7.43812506323
464	0
465	1.34470904649
466	2.02027555959
467	7.82554747838
468	0.159415703778
469	0.00396612513898
470	2.12077045576
471	1.62
472	0.900632763717
473	0
474	0.000720687732526
475	2.0
476	3.12906859
477	1.458
478	0.813871910267
479	3.89556218574
480	0.663266615811
481	2.04702555175
482	1.3217573272
483	1.21450202126
484	1.84876792455
485	3.8
486	3.72139659018
487	5.41890589838
488	2.05920856311
489	2.13683636102
490	3.14459171553
491	2.7347264169
492	8.35242414874
493	3.04199025081
494	8.41285942187
495	0.0548528075823
496	5.35439824968
497	1.78442003641
498	1.33711291419
499	1.38743460482
500	4.1829426077


input.xvsmtitle.gz

451	11.5277226524
452	4.37140674504
453	7.06472814266
454	6.99477348385
455	2.28278088294
456	5.4506360683e-08
457	1.0519251442
458	0.127366971252
459	6.02125320549
460	1.08717856253
461	2.87406101846
462	1.83678651879
463	0
464	0
465	0.000309981888083
466	0.62762119218
467	6.53929580055
468	0.145828342496
469	0.00117943575076
470	2.1142075023
471	1.45800000038
472	1.04341099025
473	0
474	2.22497178985e-38
475	0.860935202081
476	2.91578574205
477	1.02863053622e-09
478	0.0145232588307
479	3.79099478607
480	2.07039977229e-15
481	4.15512589614
482	1.3217573272
483	0.156378755197
484	2.22876792455
485	3.42
486	4.318657398
487	0
488	1.63258340895
489	1.49864492341
490	2.84083704452
491	0.0204880044093
492	8.4149551728
493	0.630899053073
494	5.45193602821
495	0.0799257608438
496	4.89719058641
497	2.5002279
498	1.09074854426
499	1.38742541088
500	3.52657933805


input.CWI0001.gz

451	0.000182266947572
452	3.30033830692
453	0.0594601621026
454	2.51360096995
455	0.0523347633027
456	0.00417455791793
457	0.128489383034
458	4.49088938668e-19
459	0.648006436294
460	1.12220721461
461	0
462	0.591946829419
463	3.64659783775e-05
464	0.0581497536458
465	0.00212362385517
466	0
467	1.84843387844
468	8.33558851081e-06
469	0.205912646828
470	0.0815120305238
471	0.00145557844301
472	0.0651493497261
473	0
474	0.543619616188
475	0.000318535867354
476	3.12724763834
477	0.0556256778887
478	3.3164050755
479	1.51944821512
480	3.08411924662e-09
481	0.227329108926
482	0.038152045127
483	0.00366805746805
484	0.387429755088
485	0
486	0
487	1.36327761711e-21
488	0.30022282334
489	4.69041387662e-10
490	1.95462963576
491	1.0
492	0.129917836394
493	0.00238613581835
494	4.9818194918
495	0.354542898663
496	7.27497445224e-08
497	6.22712370663e-25
498	0
499	7.91108413715e-30
500	0.00835936360599


input.iit00tde.gz

451	9.9162274278
452	3.28763300572
453	11.0204899414
454	16.0704527096
455	6.42502147604
456	0
457	0.655275119672
458	5.29619990924
459	7.46149862005
460	0.236751759678
461	3.71095500495
462	1.96718565295
463	7.20797928522
464	1.85618500467
465	1.8947801371
466	1.80002390526
467	5.12559569484
468	1.8389134903
469	6.4830349995
470	1.36355489395
471	1.80000001119
472	1.39587248558
473	5.8029883553e-09
474	2.01867242135
475	3.24931134202
476	5.17719666869
477	1.32974623692e-06
478	8.03006463926
479	4.66550373527
480	1.23869835977
481	6.75485795384
482	0.99500031501
483	3.15402726719
484	2.22970168056
485	0.37421294283
486	5.633082
487	5.28863406617
488	2.26215971552
489	3.05474433149
490	5.8397653924
491	2.21406284126
492	10.5016646632
493	6.05586572853
494	12.2121041313
495	8.95560767997
496	1.06791218205
497	1.21416760748
498	3.298354847
499	0.177907474241
500	2.55026390121


input.NEnmLsa.gz

451	10.1052513519
452	7.83670433802
453	5.87270201728
454	7.43391987576
455	5.03746899877
456	1.72212415176
457	1.40266127481
458	1.96389124856
459	5.04751507727
460	5.01687768332
461	3.04826965049
462	3.10422409175
463	4.83927741423
464	0.207201152603
465	2.9888087519
466	1.62785516721
467	7.34383780052
468	0.103340738788
469	4.80304679873
470	2.15503455394
471	1.80148698485
472	3.02739203132
473	1.23823603531e-41
474	1.37031377307
475	2.42091036968
476	5.88552191928
477	0.143616032928
478	9.11284905155
479	6.39419058964
480	3.0550232131
481	5.02102928395
482	0.630891125171
483	2.95256781449
484	0.928508785369
485	3.078
486	5.501862
487	5.43011327044
488	5.12110961213
489	5.60864120741
490	4.72001728853
491	3.87137494454
492	5.56097736884
493	3.53323851729
494	10.4077196852
495	1.94057701771
496	6.05247280214
497	2.71324419993
498	2.1478680676
499	1.38510000011
500	3.9001348371


input.PuShortWAuth.gz

451	1.28837650146
452	4.57955071101
453	7.22354764486
454	14.1426689313
455	3.08510277779
456	0.393132437315
457	3.38882983145
458	0.0194214940021
459	0.585612834849
460	3.61902655596
461	2.15276979877
462	1.1287708592
463	0
464	0
465	0.0852436992589
466	1.8
467	2.38031836974
468	0.000348359700645
469	1.90683748117e-06
470	0.74375837299
471	0.0770002835045
472	1.03412529598
473	0
474	5.71461407801e-10
475	0.00564527675204
476	2.71896437236
477	9.2422983224e-13
478	0.774946534999
479	2.25431346108
480	0
481	0.000299690672878
482	2.07431153648
483	1.26440370105
484	1.00000000152
485	4.67203907277e-14
486	4.92603530918
487	0
488	0.207896325755
489	0.433917532559
490	1.59199014319
491	0
492	2.69979209897
493	0.00521929299854
494	10.9817508621
495	0.81000951977
496	3.90313488467
497	2.21949054132
498	0.218837978263
499	9.08278709904e-21
500	3.20384567368


input.Scai9Web3.gz

451	1.22132995274
452	4.34312496682
453	5.39234031039
454	10.048514651
455	4.69420302476e-06
456	0
457	0.585052943439
458	1.15978161599
459	2.13270225187
460	4.20780776627
461	0.431744270161
462	0.0164239420163
463	4.38205778368
464	0.205922062153
465	0.562988847877
466	1.45800073875
467	5.91896828756
468	0.00835033076492
469	0.00251602936839
470	4.70936438919
471	0.104669526605
472	2.35768809738
473	0
474	0.00118577000899
475	1.0478556578
476	5.92578548615
477	0
478	0.0195961284521
479	2.81348189954
480	1.49785273677e-08
481	0.00563653907263
482	0.0899453531526
483	0.018753587345
484	2.539211074
485	0.117431986654
486	1.0379341708
487	3.41068527433
488	0.047121702618
489	1.16733458385
490	0.0703957289607
491	0.387420489
492	3.06288793589
493	1.79628998821e-07
494	8.30976010871
495	1.60956542414
496	3.46985246505
497	3.45618145043
498	1.88372092027e-12
499	0.913302794647
500	1.54986587242


input.CWI0002.gz

451	1.55108564719
452	0.861216402098
453	0.000100063304129
454	3.13163825423e-08
455	0.43046721
456	1.23202331153e-07
457	0.344929234966
458	7.76606021354e-12
459	0.136058827038
460	0.0316935214374
461	0.0523347633027
462	0.000431692136953
463	0.0381520424887
464	0.457805570709
465	1.00010449568
466	0
467	0.581194065081
468	0.300189270594
469	0
470	5.16283820681e-10
471	0.0252753098299
472	0.02253417286
473	0
474	0.178343299637
475	0.0227477788469
476	0.977335723372
477	0.0618063087653
478	1.57595383727
479	2.70970817719
480	0.541194131663
481	0.947790766106
482	3.94441350624e-14
483	0.00338139191352
484	9.9588201288e-15
485	0
486	0
487	2.05466766246e-08
488	0.00575909170581
489	0.000565171954455
490	1.30992200578
491	2.0
492	0.0281125296172
493	1.00077355403
494	0.193795123602
495	0.442889957578
496	6.64886824376e-07
497	0.430467257753
498	0
499	1.93632597891e-05
500	0.67141865101


input.CWI0010.gz

451	0.353923567319
452	2.27567538189
453	1.57412666393
454	1.72105523413
455	1.86144261366
456	7.61773480459e-05
457	0.856247527022
458	0.000129143899296
459	0.822793844761
460	0.257204839644
461	0
462	0.000493976853669
463	0
464	0
465	1.842209287e-11
466	0
467	0.2763224446
468	5.56978564592e-14
469	1.6257005045e-24
470	0.0742477798545
471	7.83897678739e-10
472	5.98414415805e-07
473	0
474	1.40432653577e-06
475	0
476	2.41585753962
477	0
478	0.0041902627227
479	0.258220528416
480	2.86363908693e-07
481	0.207059819153
482	0.000161622952878
483	0.279504271046
484	0
485	0
486	0.275648198435
487	0
488	0.393583296339
489	0.00787043292925
490	2.74834864011
491	1.35191077627e-24
492	0.348686550759
493	0.0581627141389
494	1.18900671128
495	0.0108916296588
496	0.321032687054
497	5.55347617672e-05
498	1.17174318629e-24
499	0.000218474500528
500	0.573859504814


input.dcu00ca.gz

451	8.51004526045
452	4.80852866014
453	8.11268502997
454	12.6675399571
455	2.4677379
456	1.8485168834e-07
457	2.25725231421
458	1.81477845275
459	1.60347860988
460	3.08315645744
461	2.76093442
462	3.09980585338
463	5.34522186376
464	2.51389017107e-09
465	9.8861014486
466	2.729
467	3.46052646596
468	0
469	2.61268267374e-13
470	1.61274429458
471	0.189185432208
472	1.06867367641
473	0
474	0.156630817371
475	3.66799744298
476	2.76779565998
477	0.00751420425227
478	5.61229769598
479	8.94474946194
480	0.136400617661
481	1.07877343962
482	0.0383521020516
483	3.03495955966
484	3.54247778396
485	3.078
486	5.42
487	0.820541441854
488	2.91674993867
489	3.80588979877
490	4.61785833004
491	2.01247008771
492	4.56211440399
493	4.72472540068
494	6.79714052902
495	10.5417455607
496	4.18167415118
497	0.00118465232685
498	1.9292742477
499	1.33046721
500	2.08328892086


input.dcu00la.gz

451	8.51004526045
452	4.33033953922
453	7.49653096934
454	12.6675399571
455	2.4677379
456	1.8485168834e-07
457	1.54011152421
458	1.46997054913
459	1.60347860988
460	3.08315645744
461	2.76093442
462	2.51839221311
463	5.34522186376
464	2.51389017107e-09
465	8.90225583114
466	2.729
467	2.82482928426
468	0
469	2.61268267374e-13
470	1.45147491458
471	0.189185432208
472	0.797673676406
473	0
474	0.14678310835
475	3.66799744298
476	2.83401367038
477	0.00751420425227
478	5.61229769598
479	8.94474946194
480	0.136400617661
481	0.979858908699
482	0.0383521020516
483	2.64233640005
484	4.11066031864
485	2.7702
486	5.42
487	0.820541441854
488	2.80510788977
489	3.80588979877
490	4.61785833004
491	2.01247008771
492	4.31821440399
493	4.33276411467
494	6.79714052902
495	9.51987257575
496	3.98167415118
497	0.00118465232685
498	1.7672742477
499	1.24046721
500	2.08328892086


input.dcu00lb.gz

451	6.20383019302
452	3.89771649044
453	5.61887111653
454	12.3884527319
455	1.998867699
456	1.8485168834e-07
457	0.822500017893
458	1.1906761472
459	1.44313524709
460	3.08315645744
461	2.76093442
462	1.83688766948
463	4.32962970964
464	2.51389017107e-09
465	7.21083050674
466	2.729
467	3.23582891771
468	0
469	2.61268267374e-13
470	1.45147491458
471	0.189185432208
472	0.5815041101
473	0
474	0.126871720199
475	3.66799744298
476	2.73186971976
477	0.00608650544434
478	5.61229769598
479	8.94474946194
480	0.136400617661
481	0.881873916101
482	0.0383521020516
483	1.92626323564
484	3.55572963931
485	2.49318
486	5.42
487	0.820541441854
488	2.27219998615
489	3.42530081889
490	3.74046524733
491	1.63097485019
492	4.10596109837
493	3.8994877032
494	6.11743779368
495	9.16939688226
496	3.56183031979
497	0.00106618709417
498	1.59056274972
499	1.0047784401
500	1.69106474365


input.dcu00lc.gz

451	6.8931390515
452	4.80852866014
453	6.64322826819
454	12.3884527319
455	2.4677379
456	1.8485168834e-07
457	1.12270098857
458	1.46997054707
459	1.60347860988
460	2.76053138635
461	2.76093442
462	1.64284470048
463	4.32962970964
464	2.51389017107e-09
465	8.01203025031
466	2.729
467	3.13488052498
468	0
469	2.61268267374e-13
470	1.61274429458
471	0.189185432208
472	0.63554679909
473	0
474	0.140968134649
475	3.66799744298
476	2.46877248127
477	0.00359402059983
478	5.61229769569
479	8.94474946194
480	0.136400617661
481	0.964683705535
482	0.0385179527398
483	2.18960872654
484	3.54247778396
485	2.49318
486	5.42
487	0.820541441854
488	2.62507587119
489	3.42530081889
490	4.15607249703
491	2.01247008771
492	4.56211440399
493	4.72472540068
494	6.11741775304
495	10.5417455607
496	4.18003183086
497	0.00106618709417
498	1.73634682293
499	1.24046721
500	1.87880746155


input.Flab9atd2N.gz

451	10.4638375405
452	9.3576920734
453	6.86697229967
454	15.3045342553
455	4.15876362088
456	0
457	1.21879667654
458	1.24659001664
459	5.7712326002
460	6.21489774161e-32
461	3.529
462	3.4391398844
463	4.56833779934
464	0.848588120344
465	6.67170856398
466	2.00000001849
467	6.57223752847
468	0.145091608022
469	0.0451185040684
470	1.18488935715
471	1.5226222527
472	4.22616092738
473	0
474	0.00515377520732
475	0.34584598393
476	2.56700525895
477	0.0415061241317
478	8.17744106644
479	4.42360295897
480	1.11316333941
481	5.02062342099
482	1.26513726944
483	5.67894333567
484	2.32372366887e-14
485	1.81752822
486	6.320882
487	6.5082456523
488	1.50078692852
489	2.45688676229
490	5.00368737999
491	2.92760401498
492	9.86441052343
493	8.42930114202e-19
494	7.4323164159
495	8.00086696841
496	5.56159455416
497	0.131462932521
498	1.45899179514
499	1.15418658283
500	0.709113737668


input.Flab9atdN.gz

451	9.63876384874
452	9.35634057334
453	7.96849218814
454	15.7865151095
455	4.06399741565
456	8.8082483219e-23
457	1.62112063193
458	4.28068267525
459	6.41608650406
460	0.0717897987796
461	3.1222
462	3.50776462782
463	3.5784618109
464	0.814090095189
465	0.344941623085
466	2.0
467	6.55708575775
468	0.040608560055
469	0.00144980118972
470	1.26920552958
471	1.43382163655
472	0.0484996055862
473	0
474	0.0523347633397
475	0.337272636514
476	2.32998010647
477	0.0943795382904
478	8.52657253691
479	4.36738615316
480	0.815728137368
481	4.71871512845
482	1.12843234137
483	5.34445059426
484	4.36223262334e-07
485	2.0194758
486	6.320882
487	5.92087644404
488	1.87644184343
489	4.00178709761
490	6.09253529412
491	2.78196833935
492	10.0474588166
493	2.80972456661
494	5.53314218911
495	8.07590403491
496	5.60696804702
497	0.13522746883
498	1.34911498246
499	1.0500946353
500	0.930162065658


input.Flab9atdnN.gz

451	8.97027991912
452	9.13039324113
453	9.96189828877
454	14.2226551803
455	3.79565719691
456	3.94580696362e-41
457	1.12316158405
458	0.848746619724
459	7.34818715389
460	3.06615844472
461	3.349
462	2.84113366881
463	4.33916655628
464	4.60977591038e-24
465	0.189962434599
466	2.0
467	6.17732959005
468	0.0239616565971
469	0.00834925392212
470	1.45136264116
471	1.49616347626
472	0.0341151008376
473	0
474	5.97152463057e-14
475	0.166544464487
476	2.30012177403
477	0.0847872384313
478	8.36098804211
479	4.41670282323
480	0.832322136657
481	4.62865246254
482	1.0745291222
483	4.84077806467
484	1.48060901147
485	1.635775398
486	5.5575738
487	5.36082707679
488	3.00709756546
489	4.26504338266
490	7.23987207316
491	3.11360005272
492	9.85690869632
493	6.88519576971
494	14.2624953984
495	8.84700215838
496	5.80319398818
497	0.121112419348
498	1.4179096916
499	1.0500946353
500	2.409654207


input.Flab9atN.gz

451	10.9463929559
452	7.70871169317
453	0.00865135482888
454	8.8602135203
455	3.69584470699
456	3.12518328097e-15
457	1.76932803586
458	1.76262205287e-18
459	6.65900710502
460	0.00179704212136
461	3.1222
462	3.02950524889
463	0
464	0
465	0.180510047062
466	2.0
467	6.66361560126
468	0.37661731744
469	0.0200230667156
470	0.786463133076
471	0.702595296905
472	0.668286428693
473	0
474	0
475	0.283516083597
476	1.96922641713
477	7.67070990694e-05
478	2.97829807549
479	3.53353685608
480	4.82696546146e-21
481	4.15331251418
482	0.930405666164
483	1.61876475198e-07
484	1.61064921118e-17
485	3.078
486	6.320882
487	2.54106881638
488	0.959200973479
489	1.8060720835e-37
490	1.51165034566
491	0.0293445167445
492	10.0584618368
493	0
494	9.85208813451
495	8.0260692537
496	4.67916846453
497	1.94886617773
498	1.62000181648
499	1.10589113209
500	0.39697008639


input.hum9td4.gz

451	11.2311679951
452	6.2354291712
453	3.49419180676
454	12.1378890041
455	6.16366760947
456	3.56591064135e-27
457	2.94547057883
458	0.0972360192287
459	4.33423695399
460	0.454305456466
461	3.30974792455
462	0.713578001503
463	9.94115584281
464	3.14620262488
465	1.45465274069
466	1.8
467	5.28698096608
468	0.15467788115
469	5.25199069706
470	5.7621980104
471	1.06298649715
472	2.99967960859
473	0
474	0.364485197508
475	3.15775949782
476	8.28934918219
477	0.0141549852207
478	2.17030715918
479	5.3138136954
480	2.17370913171
481	5.01999461826
482	0.410852844763
483	1.60670558447
484	0.162922603642
485	3.42
486	5.852840978
487	5.55897160858
488	2.76630338076
489	2.88558571289
490	8.67389455529
491	3.71083950446
492	2.58523214002
493	0.0136809840557
494	10.6574626829
495	10.0230783571
496	3.87194480551
497	1.92106003074
498	2.52516134622
499	1.81000000225
500	0.0322587513543


input.hum9tde.gz

451	10.0791069524
452	5.80233778593
453	3.0423394906
454	11.6659771922
455	6.85136232615
456	0
457	0.576904247672
458	0.928376086278
459	1.07154612536
460	0.512603373478
461	3.81589113209
462	0.331269533878
463	8.7759533273
464	3.00198925684
465	0.729018705758
466	0.0556256778887
467	4.82105526011
468	0.000103356712728
469	7.04118044719
470	5.94985721803
471	1.62
472	3.02872769053
473	0
474	7.79445886002e-11
475	3.76969721829
476	7.43592436905
477	0.000152354696092
478	3.22636254128
479	6.03778231109
480	1.38885563143
481	4.92843160048
482	0.0590306835623
483	3.31111111369
484	0.00375981303183
485	3.8
486	5.0875568802
487	4.6712362317
488	2.67541820773
489	2.57240779667
490	8.36316571266
491	3.54287240596
492	0.528543315838
493	0.000289911603281
494	13.0431052194
495	9.30679430167
496	3.09705614141
497	2.35725165672
498	3.21837383054
499	1.6290001232
500	0.000580318856263


input.hum9tdn.gz

451	10.5559455923
452	7.6406181035
453	4.66833005193
454	9.11549640237
455	6.48749153202
456	0.0800102058935
457	2.7206205586
458	3.77046053648
459	2.75110278697
460	0.867550411922
461	3.42261081889
462	0.35866218435
463	9.37153758436
464	2.00138613249
465	10.1051947251
466	1.80106111661
467	6.93584711242
468	0.00601531471723
469	6.06304784079
470	4.64657055003
471	1.80000002537
472	2.83851401367
473	0
474	0.0646122089768
475	4.60914193156
476	7.74104420439
477	0.0500631100999
478	2.18062642484
479	6.04481146806
480	2.16163831992
481	5.57595743174
482	0.915520925734
483	2.54597986593
484	1.47593753537
485	2.49318
486	5.70562119218
487	5.0742055009
488	2.45736432402
489	2.10941414507
490	8.34973355356
491	4.14900558665
492	3.90261482087
493	1.87288202054
494	11.263894238
495	9.18308891994
496	4.56074198247
497	1.49295820305
498	2.54403951509
499	1.81
500	2.66918782835


input.hum9te.gz

451	10.8468095595
452	1.30990418017
453	4.51879936139
454	13.3457215883
455	6.84857909796
456	3.26568140606e-19
457	0.572970428385
458	3.64419439907e-06
459	1.48813570515
460	4.66978377458
461	3.65508517177
462	0.794046413845
463	4.14749177335
464	0.002408261206
465	0.0931190301803
466	1.06297604611
467	5.8422342984
468	0.000114265373572
469	7.06936772958
470	3.95632151549
471	1.66704968358e-05
472	0.20117994861
473	0
474	1.213260708e-08
475	4.17157406391
476	6.11724258867
477	4.09241747029e-22
478	0.001019701443
479	6.62375694573
480	0.299052984633
481	4.5930285808
482	0.0590306835623
483	0.172251946188
484	2.70459
485	3.078
486	6.05898
487	3.44497596686
488	2.33009023349
489	0.388443155454
490	7.71023442443
491	0.0054917735678
492	5.98413867654
493	0
494	12.9222722324
495	11.1165337115
496	4.28237385755
497	2.99345233711
498	2.89867744974
499	1.71000003132
500	0.0245608028968


input.iit00m.gz

451	11.072284053
452	11.3679705423
453	6.1979713405
454	10.5194850345
455	9.8639666057
456	1.88463460799
457	9.14864251222
458	4.43047238207
459	9.31408172066
460	1.7796911076
461	2.90471457503
462	3.5839298708
463	9.49165123428
464	5.9494187218
465	8.98652006852
466	2.9
467	9.42345657055
468	9.0490124672
469	6.3902
470	6.79095791819
471	4.49821081995e-05
472	2.17086057534
473	0.4782969
474	2.9262291069
475	2.60276446781
476	9.92815907323
477	1.06682555209
478	11.6789074942
479	10.70406972
480	4.32296007958
481	6.64738513707
482	0.000371403816158
483	6.75185083814
484	4.33920688657
485	0
486	6.878
487	2.27571542616
488	2.49286872132
489	5.37216917287
490	7.71659093978
491	8.96188475999
492	10.2550828431
493	5.80964266346
494	14.8233186478
495	10.0338809774
496	2.99520541465
497	1.24433965332
498	3.9784363762
499	1.20589113209
500	1.73568142185


input.iit00t.gz

451	10.4191621237
452	0.810956395055
453	12.9791375063
454	15.3168934178
455	6.48800682193
456	0
457	2.09710878894
458	0.0092447153973
459	6.27217744139
460	2.56314325143
461	3.34204325272
462	2.12484565045
463	0
464	0.697667344607
465	0.079770031128
466	1.62
467	3.76001235676
468	0.595158747297
469	5.98485907315
470	2.28861861568
471	0.86093442
472	0.000860228254885
473	8.44670417426e-12
474	0.0218241971032
475	2.76622804292
476	3.73699669997
477	9.09789820348e-18
478	0.00171921826965
479	4.33091044502
480	5.27355457717e-09
481	6.80838993383
482	0.697243225121
483	3.1287826771
484	1.16948863845
485	0
486	5.5955738
487	0
488	1.65030956967
489	1.24369474455
490	4.44135417351
491	0.0215505458206
492	10.78457732
493	8.90406288885e-40
494	11.816978642
495	9.77303861714
496	0.366125449135
497	0.837998764025
498	2.16252584184
499	0.126289929163
500	2.83317541143


input.iit00td.gz

451	9.82101814497
452	3.06404099741
453	10.2084331007
454	16.0703141391
455	6.39021800342
456	7.89477888058e-37
457	0.767812583982
458	5.29775622001
459	7.22280479855
460	0.223429761748
461	3.71375710213
462	1.78556380944
463	7.1725433432
464	2.788474849
465	1.54566210586
466	2.00015926791
467	5.15033453891
468	2.26053896122
469	6.04775666571
470	1.55422307579
471	1.80000000138
472	0.953065458035
473	9.67774912024e-10
474	2.63413603879
475	3.24458527284
476	5.44510669217
477	5.72412152614e-07
478	8.1175415296
479	4.69034522677
480	1.55248663977
481	7.26693739057
482	1.09545855742
483	3.0609292654
484	3.32460977502
485	0.220969000612
486	5.633082
487	5.28863406617
488	3.12191927579
489	3.13058404443
490	5.83437222684
491	2.21257935059
492	10.7821800134
493	5.72448046024
494	12.8550764579
495	8.72949729456
496	1.06791218205
497	1.17334569956
498	3.357403847
499	0.2011086552
500	2.58239962215


