input.acsys9mw0.gz

451	13.3951329167
452	11.0979989999
453	9.67141143479
454	17.5993200043
455	4.89641539584
456	2.31708902003
457	7.03917244226
458	4.44771050233
459	7.4688969353
460	4.31265087774
461	3.40444360309
462	6.90866799819
463	11.783828372
464	2.7072
465	15.9012804153
466	2.830584
467	9.89804456579
468	10.6083492714
469	6.90553727571
470	6.41872977135
471	2.01085520113
472	1.67261019086
473	0.447365095925
474	2.81927611907
475	4.96792120095
476	15.357864604
477	0.243992804018
478	10.8847801767
479	14.7021430796
480	1.05095714628
481	7.1632175775
482	0.0214485270796
483	4.15386826295
484	3.67729330352
485	3.6472
486	6.26099764926
487	7.51343040531
488	1.23484478673
489	5.7879731391
490	6.98439798053
491	4.05842822532
492	11.8201477513
493	9.03467630066
494	7.48481951305
495	2.6340057686
496	6.53211404092
497	1.38778774406
498	2.91990664897
499	0
500	2.02828574684


input.apl9all.gz

451	13.047296829
452	10.6981108567
453	12.6484256916
454	17.1206677178
455	6.83433860596
456	0.231741215082
457	3.54502263988
458	1.57318498848
459	10.0267339654
460	1.34630283873
461	1.90494921728
462	3.32082085307
463	8.90081881323
464	0.908614538676
465	5.9722249314
466	1.77956168309
467	8.2571487855
468	1.11347206976
469	7.44927906181
470	0.460155281551
471	2.1208059503
472	4.11035630661
473	0
474	0.110132353451
475	5.85761996945
476	3.83113315843
477	0.426583813215
478	6.66563853303
479	7.2077520398
480	1.60345286494
481	4.4066767908
482	1.76487052299
483	4.49556790622
484	2.01281259099
485	3.428368
486	6.80810756211
487	7.03142664362
488	1.09620997457
489	3.46990137663
490	5.33981610337
491	3.12761054864
492	12.6075032292
493	6.40855266457
494	15.3101929235
495	8.89266716844
496	7.19868734377
497	1.94709165946
498	3.09435226928
499	1.15890704338
500	1.59340307518


input.apl9lt.gz

451	5.41833614587
452	4.50026926962
453	5.17134146608
454	3.17158778045
455	5.37756956777
456	1.76285950743e-10
457	3.41861452798
458	0.159732918912
459	5.77724300065
460	3.29259539154
461	2.30650431481
462	2.64428728097
463	4.14639901496e-14
464	0.00808492099056
465	0.519469531082
466	0.0381252435029
467	6.39604709305
468	0.555362370382
469	5.3214969739
470	0.058407391878
471	0.677202943297
472	4.26117076488
473	1.51292403717e-22
474	6.89253288807e-15
475	3.56258637028
476	1.1636033773
477	0.00048133326565
478	0.0587921570597
479	6.64640499425
480	1.68286806257e-16
481	2.447091576
482	0.259657718825
483	3.91067329324
484	6.14217934946e-15
485	3.428368
486	3.4674875469
487	2.24517194323
488	0.627454083968
489	1.3060419441
490	1.72599509969
491	2.29303558787e-16
492	11.6228954007
493	0.00305298558871
494	6.32238895718
495	5.55712892605e-12
496	1.44751784189
497	2.67531258777
498	1.4678080448
499	0.55516111674
500	0.79455365406


input.apl9ltdn.gz

451	9.21157491412
452	4.86759015289
453	12.5029752674
454	11.6028864306
455	6.89801345447
456	3.59322992511
457	1.97934881116
458	0.373772065481
459	9.30618419796
460	3.28217487698
461	2.07723487698
462	0.0274742777547
463	4.62786680586
464	0.228669394846
465	6.35676687842
466	0.0488316289545
467	6.64477618947
468	0.123957248863
469	7.43669451932
470	0.154958869581
471	1.66116858298
472	4.82889410969
473	0
474	0.000465438117815
475	5.88249610005
476	2.27156234543
477	0.131419294364
478	8.54462113613
479	8.00671562075
480	0.361699251322
481	2.78945735909
482	0.850421089131
483	3.67585403157
484	2.23925809768
485	1.84657082148
486	4.85726908151
487	4.36531536098
488	1.27277846894
489	4.1206372864
490	4.39623585398
491	4.21397962501
492	11.3416437108
493	6.08829236835
494	3.07813856399
495	6.24887462007
496	5.94838203934
497	1.41791129256
498	3.47796570801
499	0.809704467715
500	3.9186948386


input.apl9t.gz

451	8.22312268907
452	4.97110138926
453	7.14539930012
454	5.71469146885
455	5.49548706392
456	5.63558701519e-12
457	1.91652938659
458	0.706823477118
459	7.00488395844
460	0.012183215361
461	1.75163634068
462	2.61755514849
463	7.90412360311e-16
464	0.0150944958641
465	0.414102491705
466	0.0587919210355
467	8.16442310617
468	0.237282005888
469	5.12844438881
470	0.12394740908
471	0.969872187956
472	3.84813496813
473	2.6403800371e-22
474	5.59863314602e-18
475	5.31044934087
476	1.7671205135
477	0.00316021819261
478	0.00763028170215
479	6.58747699324
480	4.14639901604e-14
481	3.85933277769
482	0.276672702453
483	4.11169323279
484	9.71264769804e-17
485	3.428368
486	6.21895159752
487	3.26456611182
488	0.560238849786
489	0.81004430119
490	2.1476946018
491	3.94938551906e-15
492	12.1766664713
493	0.0469421167124
494	9.95852018634
495	2.88929771395e-12
496	2.94864629227
497	3.13903032814
498	1.76720000002
499	1.12455760218
500	1.1361058123


input.apl9td.gz

451	12.8624348641
452	11.1615742913
453	12.2730933457
454	16.7127289433
455	6.43711879799
456	0
457	3.54692380153
458	1.66315648032
459	9.43855286885
460	0.307237359162
461	1.90048730424
462	6.7965186525
463	8.25976679141
464	0.68061771113
465	2.47007730118
466	0.626898692772
467	7.70779291404
468	1.33582490551
469	7.30994571648
470	0.476162572787
471	2.07727658737
472	4.17611622743
473	0
474	0.0902083134248
475	5.02165550284
476	3.71241399887
477	0.260899353032
478	6.46213189048
479	7.38793483576
480	1.39807567429
481	4.62542758376
482	1.85528925309
483	4.56014308009
484	0.503951522619
485	3.88
486	6.92090756211
487	6.58615867984
488	0.956393327724
489	3.14084450725
490	4.78143366507
491	2.80950173151
492	12.2859598158
493	4.07974393829
494	9.02661005169
495	9.31170155121
496	5.80799552471
497	2.39387749078
498	2.59373642292
499	1.07154160218
500	1.16000953447


input.apl9tdn.gz

451	10.7909186062
452	6.43024411071
453	14.2558909101
454	17.2621007275
455	7.61400339277
456	3.87935820136
457	1.88815036446
458	0.585949387681
459	11.0288162909
460	2.77388777218
461	1.63523634068
462	0.0279176225466
463	5.11731711285
464	0.33339097798
465	8.29854276152
466	0.0852217660556
467	8.82567208016
468	0.0381977801654
469	7.5685232553
470	0.120444206403
471	2.00000079844
472	4.49941366926
473	0
474	0.000596217626548
475	7.27412389678
476	2.95886404883
477	0.545543375863
478	9.61382813465
479	7.18812081623
480	0.825971917906
481	3.38877029891
482	1.32413445223
483	4.08279990539
484	2.07071488893
485	2.51609306547
486	6.50565310839
487	5.96952716276
488	1.51733231803
489	3.24056925921
490	5.63509860649
491	4.09115514748
492	12.2728441369
493	7.02346660714
494	8.89337290576
495	7.98287930411
496	7.94883857363
497	0.769359385065
498	3.63374977282
499	1.38736509627
500	2.46718106739


input.att0010gb.gz

451	12.4622444713
452	6.20467426359
453	12.4545785352
454	12.1587581424
455	3.63974390133
456	1.30316659348e-06
457	5.511203961
458	0.942569031122
459	8.04163997026
460	2.51425874819
461	3.76360002484
462	3.8542356916
463	0
464	0
465	0.0291528710289
466	1.88459328363
467	2.76155687606
468	1.07492093137
469	2.83186540228
470	1.57897777894
471	0.226954063743
472	1.28322764452
473	0
474	0.0131507266903
475	3.78633525524
476	7.4898051101
477	0
478	0.462155372691
479	3.79331985225
480	5.42565032283e-25
481	6.98451326008
482	0.649032121864
483	0.744178665008
484	2.64046398572
485	2.6766947505
486	6.79318960446
487	0
488	3.19052834071
489	0.659088687406
490	4.01675329248
491	0.00327461418038
492	8.48528940206
493	1.22388191502e-20
494	12.0573984507
495	6.60117748099
496	5.63233727332
497	3.30259399667
498	1.88
499	1.06222706578
500	1.73522548171


input.att0010gbe.gz

451	12.7349359985
452	13.4930501696
453	16.6781175592
454	15.8778316809
455	6.7409406303
456	0.918425646954
457	0.43900719042
458	0.747047861008
459	10.1613676294
460	6.40994384501
461	3.59779343862
462	3.76648507835
463	0
464	0
465	0.189131085344
466	0.0992119007111
467	7.02625516036
468	0.000381736464926
469	0.00152707727122
470	1.35263937267
471	0.698562765686
472	1.35555030202
473	0
474	1.1113370248e-08
475	6.17238609045
476	6.01984381833
477	0.0381253755397
478	0.222152346743
479	2.31944370269
480	3.38488018653e-08
481	8.98033157491
482	0.514136091595
483	1.05852983267e-09
484	1.80532809557e-10
485	2.84754760691
486	5.73786602527
487	0
488	5.26833830591
489	0.513341714424
490	2.79778441155
491	0
492	11.106448314
493	1.1986938552e-11
494	20.8428043485
495	4.47169594442
496	6.44406824103
497	3.34079951385
498	1.76720002654
499	1.49316893854
500	2.45693806239


input.att0010gbl.gz

451	12.4032884976
452	6.05207794298
453	5.506105773
454	12.2026544068
455	4.79200236719
456	0.0953129051412
457	4.20280628297
458	0.942569031122
459	7.68324186939
460	3.0437615628
461	3.87827661789
462	4.26086546383
463	0
464	0
465	0.00110680374656
466	1.3859982601
467	2.76155687606
468	2.88428432432
469	2.71906540228
470	1.57897777894
471	0.701232260913
472	1.17970404202
473	0
474	1.98662080135e-05
475	3.78633525524
476	7.85374517825
477	0
478	1.07753994834
479	5.60494595421
480	1.09676626171e-07
481	8.0966958762
482	1.00647141995
483	0.419326938383
484	2.02716221065
485	3.0293059648
486	7.1150080448
487	0
488	2.39711083329
489	1.19931577085
490	4.52042920903
491	1.5186492571
492	9.16696436154
493	0
494	9.98072626644
495	6.26888924379
496	5.63233727332
497	3.30259399667
498	1.88
499	1.45659480223
500	1.88702217407


input.att0010gbt.gz

451	10.6124047556
452	5.31447953348
453	10.4261314657
454	10.7294566229
455	3.48119274332
456	5.48011773221e-07
457	7.88005172398
458	0.791835663587
459	7.67648810548
460	0.811103264533
461	3.54476801045
462	4.65427464981
463	0
464	0
465	0.0619718647482
466	1.88017294161
467	2.76155687606
468	0.727445214182
469	2.83186540228
470	1.49355135074
471	1.468587129
472	1.01166753923
473	0
474	0.00133254024756
475	3.78633525524
476	6.81281090727
477	0
478	2.86425243438
479	2.0605108389
480	5.10011130346e-25
481	4.3848838023
482	1.51951999325
483	0.350812962354
484	2.54128144073
485	2.84754760691
486	6.82123748211
487	0
488	3.31379810891
489	1.89561365231
490	1.13098713284
491	0.00323597095301
492	9.54340315944
493	8.44319148752e-21
494	11.1007350908
495	1.97960312042
496	5.83014392247
497	1.35226808667
498	0.425820274579
499	1.42221511409
500	1.55337227176


input.att0010glf.gz

451	10.7358498864
452	5.39287096678
453	8.86313213752
454	11.2220405336
455	5.27951180181
456	0.221280098836
457	4.76564607585
458	1.07722978941
459	7.48086735425
460	0.627292108846
461	3.62880020287
462	4.75760322079
463	0
464	0
465	0.0179253758661
466	1.38562273822
467	2.76155687606
468	2.06766565151
469	2.71906540228
470	1.45256265882
471	1.89145707239
472	0.870580164391
473	0
474	1.5708236424e-06
475	3.78633525524
476	7.3592246744
477	0
478	4.13279054555
479	4.09447147953
480	4.90654943898e-08
481	6.42438127043
482	1.70196370154
483	0.547867459158
484	1.8633794145
485	2.6766947505
486	7.20869792
487	0
488	2.79250402703
489	1.17529235132
490	2.62188422951
491	1.38931349943
492	10.618848474
493	0
494	10.5033896282
495	2.42642328361
496	5.83693304038
497	1.18925770955
498	1.21913787708
499	1.5644880224
500	1.63512183748


input.att0010glv.gz

451	11.9640272793
452	6.16138100811
453	8.86313213752
454	11.8959055175
455	4.19681962526
456	0.0168475383987
457	5.41580180774
458	1.07722978941
459	7.83186398821
460	0.627292108846
461	3.7188199821
462	4.35934027989
463	0
464	0
465	0.0179253758661
466	1.88553018554
467	2.76155687606
468	1.67014821674
469	2.83186540228
470	1.45256265882
471	1.32616060405
472	1.12739214739
473	0
474	0.00247401198497
475	3.78633525524
476	7.34545443334
477	0
478	4.13279054555
479	3.95432463202
480	2.01784350623e-11
481	6.94239093348
482	0.924486455494
483	0.613210451554
484	2.4758968282
485	2.84754760691
486	7.02693956211
487	0
488	2.9191148437
489	1.17529235132
490	3.16200462889
491	0.604750841464
492	8.78552882498
493	0
494	10.5033896282
495	5.38120927088
496	5.83693304038
497	1.18925770955
498	1.4678080448
499	1.42377380346
500	1.71208724225


input.CWI0000.gz

451	0.506298207249
452	5.02787709879
453	1.80638542149
454	5.89850890334
455	0.94
456	2.91298227186e-06
457	2.31253019413
458	0.00764485228064
459	2.51505716716
460	3.18035491482
461	0
462	0.00940426237207
463	0
464	0
465	0.776525873701
466	0
467	0.57769033606
468	4.12663565965e-08
469	7.73685221049e-05
470	0.709338083268
471	2.71341288997e-10
472	0.320413371875
473	0
474	0.00535569726353
475	0
476	7.79215766376
477	0
478	1.00604579711
479	4.72469429658
480	0.000304434423385
481	0.79639872774
482	0.0283026123919
483	0.0452899717894
484	0
485	0
486	0
487	0
488	0.681908918646
489	0.951928952521
490	1.57999123209
491	1.66116800303
492	1.30092331152
493	0.00387071070385
494	3.04077023365
495	0.340903383113
496	0.918941986898
497	0.395291798897
498	0
499	0
500	1.71216335781


input.isnnwt.gz

451	3.88
452	9.23056375537e-09
453	4.58712738265
454	2.830584
455	0
456	0.506298207249
457	1
458	0.748846233551
459	0
460	0.261892063671
461	1.66116829517
462	1.78074896005
463	0
464	0
465	0.129892828781
466	0
467	0.138067453609
468	0
469	0
470	0
471	1.37973956211
472	1
473	0
474	0
475	0
476	0
477	0
478	0.939960823727
479	0
480	0
481	1.7672
482	0
483	0
484	0
485	0.0653536823902
486	2.39233597661
487	0
488	0.0022334118691
489	0.648477594193
490	0
491	2
492	4.78762522258
493	0
494	6.74744589269
495	0
496	4.41567759419
497	0.0699033042416
498	0
499	1
500	1.00255235138


input.iswt.gz

451	0.202656519263
452	0.226500146053
453	7.37013114756
454	11.5466525502
455	2.68589606121
456	0.272699866664
457	1.18514581762
458	1.67094798522
459	0
460	0.400582149546
461	0.0160325490193
462	4.31526498001
463	0
464	0
465	0.000160031781503
466	0
467	1.32382764486
468	0
469	0
470	0
471	1.37973956211
472	0.349285954149
473	0
474	3.69116655619e-22
475	2
476	2.3452369824
477	0
478	1.46725892542
479	0
480	2.07179767293e-13
481	2.54794896
482	9.82354544189e-09
483	1.8812982426
484	1.02582408573e-16
485	4.42728579037e-10
486	1.88000000002
487	0
488	0.00345898036694
489	2.17384056252
490	5.23649653511e-27
491	2
492	5.45950875637
493	0
494	6.10411496484
495	3.55055781955e-21
496	2.6139040224
497	0.098253181891
498	0.0202793848362
499	1
500	0.00232707369985


input.iswtd.gz

451	0.512675749328
452	4.61715493816
453	4.86001916384
454	11.1763360275
455	2.6858960918
456	0.256337874664
457	2.7373966149
458	1.59996842588
459	0
460	0.231972759036
461	2.661168
462	2.4480880224
463	0
464	0
465	0.00264136626622
466	0
467	1.9319648585
468	0
469	0
470	0
471	1.37973956211
472	4.33542708341e-08
473	0
474	7.09468948268e-23
475	2
476	1.6113329605
477	0
478	0.70183287363
479	1.60800742836e-23
480	1.6175582678e-13
481	2.54794896
482	0
483	1.00002609556
484	0.94
485	1.7500697637e-10
486	2.62314858167
487	4.75844191225
488	0.00471312359841
489	1.64005897131
490	2.98820737562e-22
491	2
492	5.38923225179
493	3.82216181645
494	7.85692480311
495	6.45246906514e-10
496	4.7636
497	0
498	4.27859621983e-07
499	1
500	0.884868968885


input.iswtdn.gz

451	6.39405131652e-14
452	0.818400213648
453	4.02406870082
454	2.15625562248
455	2.68589612642
456	0.272699866664
457	0
458	0.652789989564
459	0
460	0.219198150798
461	1.45300029211
462	8.28634437775e-12
463	0
464	0
465	8.78106337897e-05
466	0
467	0.000106044544676
468	0
469	0
470	2.80891493308e-22
471	1.37973956211
472	4.90655046304e-08
473	1.04894638034e-13
474	7.56221227245e-18
475	2
476	2.03185615017
477	0.229353235777
478	0.748322181281
479	7.76165072838e-24
480	6.19651678945e-21
481	2.54794896
482	0
483	4.541168
484	0.94
485	3.0293059648
486	1.7672
487	5.38528962454
488	0.283502883846
489	1.684355518
490	0
491	2
492	2
493	4.94900732038
494	0
495	0
496	4.15767782586
497	1.94
498	0
499	1
500	1.12647263012


input.jscbt9wcl1.gz

451	14.0713855555
452	10.446820187
453	7.52973935083
454	16.4366721293
455	6.94142231653
456	1.34913425811
457	1.56883731433
458	4.85178954228
459	3.83653928764
460	1.75676952172
461	3.54282856605
462	0.889280524227
463	5.53512351413
464	5.33999644784
465	14.5233770505
466	2.11647983338
467	6.70241492954
468	2.64426428234
469	8.48018692033
470	4.25696799973
471	2.0000016813
472	3.45679961987
473	0.00193158228429
474	0.780788646382
475	5.16563172875
476	10.8076037136
477	0.0906627562881
478	12.6877598448
479	11.9380673443
480	3.34479138297
481	8.43250459483
482	0.951700043021
483	4.26143790416
484	3.52442756868
485	3.428368
486	7.02693956211
487	5.67005926298
488	4.47680482934
489	5.21924556798
490	9.11684067197
491	4.32232221497
492	12.5047283692
493	3.26684336157
494	19.6528107378
495	7.88889779238
496	8.66630917048
497	0.454407741672
498	4.46326106725
499	0.994607515039
500	3.45589735663


input.jscbt9wcs1.gz

451	13.7935547368
452	8.44733089935
453	1.26873171468
454	21.2471019927
455	8.63946605803
456	0.0302808163673
457	2.95604614954
458	0.000261245053976
459	6.24401012085
460	0.722893490383
461	3.55977453789
462	6.25837721074
463	0
464	0
465	0.000165641969754
466	1.6727879821
467	5.86238753501
468	0.594785821818
469	6.89796285167
470	4.09210690298
471	1.29695527935
472	0.0117396930177
473	5.26271515726e-18
474	0.349279833442
475	3.2013060839
476	6.55369740345
477	1.42288067932e-07
478	2.11167990525e-11
479	10.6933056376
480	0.763592407315
481	9.70252959129
482	0.530342160048
483	1.8298591121
484	0.0557088645193
485	3.88
486	7.02693956211
487	0.00730792532508
488	0.71613441477
489	1.00328735564
490	9.39671416167
491	0.108044906484
492	12.0114336863
493	0.168323262287
494	23.5759749033
495	10.7559133587
496	6.42036695874
497	1.3643224502
498	4.08863429429
499	1.05469029963
500	1.23409688128


input.jscbt9wll1.gz

451	14.4286715788
452	10.4318347025
453	7.35261757184
454	16.4153738073
455	7.11176679275
456	1.36001973241
457	1.55588102799
458	4.85277325326
459	3.83640232294
460	1.72005888483
461	3.46420985327
462	0.887304740669
463	5.40764135326
464	5.33619321537
465	14.5241682972
466	2.22927983338
467	6.93516649105
468	2.41098716736
469	8.55898140864
470	4.20098880747
471	2.00000000426
472	3.48405612155
473	0.0048864719439
474	0.942451785534
475	9.22086461952
476	11.2448064192
477	0.0459068149668
478	0.137693197366
479	11.5397172561
480	3.37537653602
481	8.75457230108
482	1.01147170943
483	4.26570443729
484	3.60124525068
485	3.428368
486	7.02693956211
487	5.62852427922
488	5.39380556669
489	5.22241655398
490	9.62860579667
491	4.30190880201
492	12.0759907437
493	2.86998066098
494	19.5100991119
495	7.61564406881
496	8.45331880317
497	1.2566847409
498	4.46326106725
499	1.00993388719
500	2.50470162916


input.jscbt9wll2.gz

451	14.0998447559
452	14.0647756386
453	7.16973577859
454	19.2512171713
455	6.98560863689
456	1.91135399091
457	1.62679265176
458	2.26483744142
459	5.37905573879
460	1.66675674067
461	3.45080702599
462	2.36019953284
463	6.58947537615
464	5.08652030704
465	13.6389286772
466	2.27529179876
467	7.56085541836
468	2.18274386988
469	7.90276362415
470	4.87464524886
471	2.00000482679
472	4.03975346964
473	0.00015281120879
474	0.433928498479
475	9.85563290206
476	11.2639812258
477	0.0358631305932
478	12.845424379
479	10.1648223735
480	2.98259342723
481	8.19672642477
482	1.16588159077
483	3.44053638169
484	3.82131391588
485	3.428368
486	7.1150080448
487	7.06033623255
488	3.82929817176
489	6.29406366278
490	9.87709168925
491	4.39950767447
492	11.4034137319
493	5.29783614681
494	19.9237603503
495	8.29503478589
496	8.42203739862
497	1.43068914731
498	4.36488140322
499	1.02956239813
500	4.44793376749


input.jscbt9wls1.gz

451	13.7306788103
452	8.57381187846
453	0.612122300018
454	21.098814805
455	8.75952700062
456	0.0302808285262
457	3.40833440915
458	4.02424852392e-16
459	6.24476810714
460	0.797440313496
461	3.41959516828
462	5.89986739063
463	0
464	0
465	0.000104050148363
466	1.6727879821
467	6.57670107223
468	0.572149003039
469	6.89803501477
470	4.22293011244
471	1.29695522995
472	1.85304253969
473	2.18408346927e-17
474	0.308623660955
475	4.37531955703
476	6.25916075265
477	2.19431970108e-07
478	3.31674300775e-11
479	9.5966114572
480	0.812332473314
481	9.95183395553
482	0.532673737642
483	1.94006372934
484	0.0535104106128
485	3.88
486	7.02693956211
487	0.00700630817241
488	1.45788260861
489	1.09417543211
490	9.72421739091
491	0.130147034503
492	11.6481663959
493	0.179067300305
494	23.4056429887
495	11.2885286006
496	6.4913847745
497	1.05710346162
498	4.06007909372
499	1.06979284501
500	1.23312027123


input.jscbt9wls2.gz

451	13.9251824637
452	6.99689000415
453	12.2025336728
454	11.611947522
455	8.33776374615
456	1.4542621222
457	3.37889578223
458	0.0362882921224
459	1.25779777899
460	0.687424936762
461	3.36956893037
462	4.62005929314
463	0
464	0
465	0.000579775487105
466	1.89026741619
467	5.84638282666
468	1.19152896681
469	6.90113194641
470	4.11253509985
471	1.56149801827
472	1.77439570135
473	0
474	2.06331782239e-08
475	0.0128412576708
476	6.54833625597
477	4.47217165484e-08
478	0.31620471782
479	10.4626164767
480	0.00358620522792
481	8.86188298934
482	0.880154593254
483	0.62097231146
484	0.173563655328
485	3.88
486	7.02693956211
487	1.5381373362
488	0.747471614662
489	1.19848759572
490	9.45281087918
491	0.0797418832002
492	5.48042661673
493	0
494	7.74614654099
495	10.8290291622
496	8.16525471512
497	0.332816605931
498	3.99467706211
499	1.03526224574
500	0.626320290938


input.Mer9Wt0.gz

451	2.00665836927
452	1.61184982639
453	12.7016072337
454	9.26760513574
455	0
456	0
457	0.425197071512
458	2.73617999953
459	2.3724504986
460	4.07694108552
461	3.601168
462	0
463	0
464	0
465	0.00907930324223
466	2.78074896
467	7.17650032746
468	2.01114703139
469	1.88925278925
470	2.54534833483
471	6.95550489653e-11
472	0
473	0
474	0
475	0.689869781063
476	5.76269464701
477	0
478	0.150594451604
479	2.410461275
480	0
481	0.00247401198497
482	0
483	0.436237077575
484	1.35952031481
485	3.88
486	4.30708864053
487	6.15919729703
488	0.326241178905
489	1.54792360409
490	4.68849860942
491	0.36417863946
492	0
493	0
494	9.62828970893
495	0.844319636705
496	5.9273697683
497	2.5734732917
498	0
499	0
500	0.830584


input.Mer9Wt1.gz

451	0.107796020815
452	0.78192423522
453	7.42962554289
454	3.48654667858
455	0
456	0
457	0.762219136024
458	2.7257286798
459	1.38428336596
460	0
461	0
462	0
463	0
464	0
465	0
466	0
467	1.33185367567
468	1.63756341102
469	0
470	0
471	4.12943203987e-09
472	0
473	0
474	0
475	0.0277861218264
476	3.92349413729
477	0
478	3.69067396335
479	0.7339040224
480	3.45808308048e-19
481	0
482	0
483	0.84104638034
484	0
485	0
486	0
487	1.94519837441
488	0.218793313397
489	1.78074896
490	0.321378539539
491	0.538615114095
492	0
493	0
494	12.631385181
495	1.22650014605
496	0.00218603698992
497	0
498	0
499	0
500	0.648477594193


input.Mer9WtdMr.gz

451	0.78074896
452	3.46869197228
453	7.23941667175
454	1.85429011626
455	0
456	0
457	0.677156496575
458	3.46497421436
459	1.01186490446
460	0
461	0
462	0
463	3.62294816965
464	0
465	0.129783406392
466	0
467	1.29343845035
468	1.76515165242
469	8.9228546244e-05
470	0
471	0.00015281120879
472	0
473	0
474	0.0791330315551
475	1.92598021002
476	3.77097057824
477	0
478	4.50337495443
479	0.7339040224
480	9.30657250996e-19
481	0
482	0
483	1.88
484	0
485	0
486	0
487	2.47861511409
488	0.310131741638
489	1.94
490	1.33529179876
491	2.7672
492	0.000533377294856
493	0
494	6.84335234315
495	1.73501160338
496	3.11165011525e-11
497	0
498	0
499	0
500	0.7339040224


input.Mer9Wtnd.gz

451	0.008527951606
452	1.16653129893
453	7.35317845357
454	2.0039867957
455	0
456	0
457	0.852265568278
458	4.08002940697
459	0.996186105991
460	0
461	0
462	0
463	4.59267207504
464	7.59055792688e-27
465	1
466	0
467	0.881165945935
468	1.70585610608
469	0
470	0
471	0.00104037941244
472	0
473	0
474	0.129783954404
475	2.00724910605
476	3.77086771133
477	0
478	5.27220094019
479	0.7339040224
480	1.53439078176e-09
481	0
482	0
483	1.29695518839
484	0
485	0
486	0
487	2.58847759419
488	1.52045378106
489	1.38238161659
490	1.23287983338
491	2.7672
492	0.0297662442062
493	0
494	3.70194474549
495	0.290405489935
496	0
497	0
498	0
499	0
500	0.8836


input.NEnm.gz

451	13.4099291414
452	11.245739956
453	8.66477801161
454	13.5913696648
455	7.44424715275
456	2.5269525352
457	3.65786648726
458	2.95611285245
459	7.80230944751
460	6.75570614035
461	3.71627228894
462	3.82641503344
463	7.47234980638
464	0.395295542992
465	5.47613902949
466	1.94176655963
467	9.33909656609
468	0.442074028833
469	5.40200215944
470	3.08073516625
471	2.028232003
472	2.47275703783
473	1.29021429725e-24
474	2.03196128283
475	4.49132049047
476	10.1303585243
477	0.455978933622
478	12.1265218157
479	8.75767174983
480	4.04165107131
481	7.1733488368
482	1.5533167671
483	3.92295081485
484	1.86692734233
485	3.88
486	6.7965059648
487	7.95909847095
488	7.61075416599
489	7.77254394031
490	9.08125813891
491	4.40412202426
492	6.46960117511
493	4.91539934976
494	18.255881297
495	3.84675576451
496	7.41949611233
497	2.6041440753
498	3.15642947111
499	1.71418538635
500	5.91087828219


input.NEnmLpas.gz

451	13.3497800212
452	11.2024887099
453	8.57294039373
454	13.4761800945
455	7.28429574913
456	2.51788193924
457	3.5970370617
458	2.95651234381
459	7.80230944751
460	6.81346031921
461	3.71627228894
462	4.09012019938
463	6.83542625738
464	0.395295319132
465	5.23087284522
466	1.94176655963
467	9.37597516504
468	0.442074028833
469	5.40200215944
470	3.08073516625
471	2.028232003
472	2.47275703783
473	1.29021429725e-24
474	2.03201545881
475	4.35451749749
476	10.1006231679
477	0.515654390844
478	12.154241739
479	8.75767174983
480	4.04165130523
481	7.17334877186
482	1.4754994558
483	3.90558249136
484	1.86692734233
485	3.88
486	6.70843748211
487	7.87338587663
488	7.55387358187
489	7.77361907218
490	9.01856333963
491	4.40412202426
492	6.46960117511
493	4.91539934976
494	18.2563329971
495	3.84658850209
496	7.41949611233
497	2.64305273095
498	3.08946071573
499	1.71418538635
500	5.91332105939


input.NENRtm.gz

451	14.0148189386
452	10.0644315625
453	2.98907615091
454	20.9386620753
455	6.85533726921
456	1.60611386414e-05
457	0.863219263637
458	0.229420345151
459	5.29299080679
460	0.170520969699
461	3.33135954422
462	3.19946962576
463	0
464	3.68210224568e-05
465	0.217147598368
466	1.48808742964
467	8.64943721732
468	0.232833186289
469	1.39556658592
470	2.58079330804
471	0.519632693252
472	2.47571965486
473	0
474	4.41858238508
475	3.59615451304
476	7.63948685121
477	0.156370559109
478	0.116480304796
479	4.90590497892
480	0.226975984707
481	6.49326832043
482	1.17524875537
483	4.77519325785
484	5.55923003302
485	3.88
486	6.80810756211
487	5.57640634662
488	6.48786764998
489	1.66799578927e-05
490	6.06019879644
491	2.05730624115
492	7.22868817922
493	1.32490030907e-11
494	12.5549490766
495	0.140338852135
496	5.51436031264
497	2.8336038212
498	2.02983805107
499	1.38991467969
500	1.03091657678


input.NENRtmLpas.gz

451	14.0533440451
452	10.0691782874
453	2.98907590907
454	20.8970240921
455	6.77470875315
456	1.60611386414e-05
457	0.863182710544
458	0.229420345151
459	5.29298616469
460	0.170520967668
461	3.33135954422
462	3.19946962576
463	0
464	3.68210224568e-05
465	0.217147598368
466	1.48808742964
467	8.66935944932
468	0.232833186289
469	1.39556658592
470	2.55041541561
471	0.49071778099
472	2.51637582747
473	0
474	4.41858238508
475	3.56524757652
476	7.58570024091
477	0.156370559109
478	0.116480574318
479	4.90590497892
480	0.226975995503
481	6.49326830378
482	1.17524875537
483	4.6813239765
484	5.55923003302
485	3.88
486	6.80810756211
487	5.34041135984
488	6.48786764997
489	1.66799575823e-05
490	6.06019767789
491	2.05730624114
492	7.04783209702
493	1.4084229282e-11
494	12.3477006931
495	0.140339116057
496	5.49898004016
497	2.8336038212
498	2.02983805107
499	1.35953678725
500	1.03091725861


input.NEtm.gz

451	13.9931681921
452	9.17917347634
453	3.09903924588
454	21.3822574086
455	6.82930653839
456	0.0148870686495
457	1.03134656486
458	0.322456269128
459	5.33251494798
460	0.380963026702
461	3.41060796783
462	3.2748252399
463	0
464	2.54017107005e-05
465	0.20402271264
466	1.78747938484
467	8.64308246824
468	0.231129061177
469	0.838689061775
470	2.58729289002
471	0.579650673251
472	2.66259033468
473	0
474	4.52474192455
475	3.29344091238
476	8.26903907691
477	0.253432517583
478	0.126115391801
479	4.69806825538
480	0.139137318706
481	6.42901396709
482	1.50487360502
483	4.98669066019
484	5.57744536791
485	3.88
486	6.80810756211
487	5.6403903071
488	6.26474712493
489	5.54942637015e-07
490	5.89628988669
491	2.05730624123
492	7.34141258672
493	1.30913772888e-11
494	12.0361992486
495	0.0733852440279
496	5.4240102455
497	2.87880692307
498	1.96422923197
499	1.44630130617
500	1.15710755525


input.NRKlm.gz

451	11.8804791801
452	9.46095796941
453	11.8095170774
454	7.965728434
455	6.59635963489
456	2.44662331678
457	4.77997621992
458	1.6440761472
459	9.5211382701
460	3.27323655643
461	3.5011040224
462	1.39403587482
463	9.13453541058
464	0.156255606167
465	9.73068701664
466	2.68986978106
467	10.3982306066
468	1.54226691118
469	7.58769964927
470	2.49787544632
471	2.79294623812
472	2.57051239423
473	0
474	1.40667939453
475	7.58625442845
476	6.30630193692
477	0.841046392917
478	6.07174421461
479	3.97112403996
480	1.7729065971
481	4.80472728337
482	1.35693650951
483	3.48390916107
484	1.56459817229
485	3.88
486	6.72532318839
487	8.00245043932
488	1.86472325283
489	4.14312964126
490	6.75811547135
491	3.01580735299
492	10.1356718778
493	9.60336247547
494	9.96685274068
495	0.614559019216
496	7.62086974409
497	0.608119843378
498	2.07747065188
499	1.13920790594
500	3.1492991547


input.NRKprf20.gz

451	11.8688280225
452	12.8921842305
453	9.96694236129
454	7.93584651605
455	7.35500223114
456	5.17693767383
457	5.13216597587
458	6.9854107095
459	12.6271366853
460	2.99668346583
461	2.88965137122
462	1.2037226341
463	11.1743220568
464	1.35578769476e-09
465	8.58398526787
466	2.6139040224
467	10.4965179612
468	0.303647732972
469	7.58769964927
470	2.26644052758
471	2.10981304986
472	3.50939743466
473	0
474	1.50575837374
475	8.18598220396
476	6.27458699522
477	0.312511212334
478	10.7641916765
479	4.98867410863
480	0.803586702693
481	4.2938939273
482	0.826523163209
483	2.37425154764
484	0.787027148159
485	3.6472
486	6.47887743919
487	8.21618512503
488	3.35748385029
489	4.13373193001
490	7.58937126546
491	3.42585412069
492	9.50977396021
493	8.95255625275
494	19.3915612873
495	2.78660556341
496	7.07430327116
497	1.409069109
498	2.65575768864
499	1.30689882477
500	3.40130626479


input.NRKse10.gz

451	11.7553569133
452	5.93843721862
453	11.9343261403
454	12.8356980071
455	6.62366478871
456	2.976439584
457	1.99382144221
458	2.88494261186
459	7.82351790665
460	1.52999747603
461	3.3950720224
462	1.41313122222
463	10.0969982826
464	0.00201357454502
465	11.8047318396
466	2.6139040224
467	10.2046748133
468	0.818541739559
469	7.2890513499
470	1.2882442244
471	2.61844115874
472	1.97011542331
473	0
474	0.327305658503
475	3.07817454326
476	5.9417834882
477	0.202656519136
478	3.89180726365
479	4.75869038998
480	2.56200007516
481	5.57705780461
482	2.20633321946
483	4.04947340672
484	0.367838168797
485	3.88
486	6.80810756211
487	7.93096993951
488	1.47752109616
489	3.46551400074
490	5.45820572312
491	3.37664748286
492	10.2313889093
493	8.07001253481
494	9.61491964732
495	1.75836201117
496	6.95366252495
497	0.668076724965
498	0.911440039468
499	1.27889180128
500	1.90434562663


input.NRKse20.gz

451	11.813121279
452	2.1871153405
453	11.3182711852
454	9.32055285627
455	6.37843256548
456	3.01216189875
457	0.6545410931
458	2.79258538647
459	6.25227242762
460	0.375105953433
461	3.30964559419
462	1.94725894571
463	10.2074120775
464	1.52256663626
465	11.2289334963
466	2.6139040224
467	10.1954264883
468	0.531540911012
469	6.89674691565
470	1.28824244133
471	2.7949830279
472	2.83800993419
473	0
474	0.560999220252
475	4.22965409477
476	6.00783571072
477	0.109153864175
478	0.0873858927615
479	4.69558416175
480	3.04972992491
481	5.5247940632
482	2.47470097359
483	4.02803541339
484	0.00741246937731
485	0.0214571198985
486	6.80810756211
487	7.86819771716
488	0.330363310993
489	3.07314683383
490	0.512784563804
491	3.19227266784
492	10.3495194846
493	6.74117206734
494	7.02368315521
495	1.94720858767
496	6.95360747842
497	0.684319779945
498	0.223425183577
499	1.22587579876
500	1.27646013832


input.pir0Watd.gz

451	7.93077130986
452	10.1164270397
453	7.96706552191
454	20.5359246673
455	9.89459492421
456	0.000383565482698
457	4.08561244951
458	4.76982897352
459	3.96671344176
460	1.44238994741
461	2.54652587954
462	2.19405264607
463	10.3027177974
464	5.00520158943
465	14.0505506709
466	1.80981088297
467	4.93950117903
468	0.104395725597
469	8.53994156574
470	3.34896053284
471	2.00000000015
472	3.45788733667
473	9.18457748096e-18
474	4.80518513815e-06
475	3.31766991492
476	7.16945674346
477	0.179067300305
478	8.72363005511
479	8.38413909849
480	3.01804698233
481	6.60324040001
482	1.20045535856
483	3.61809349517
484	2.55158245683
485	1.84657082148
486	5.17238916917
487	5.71254639848
488	3.18882259362
489	2.44210997555
490	10.4540885316
491	5.23957982065
492	7.79581394201
493	9.7531320123
494	12.2450311075
495	11.6727856802
496	6.23999604329
497	1.19076244751
498	3.80847843767
499	1.09584323813
500	1.92915737327


input.pir0Wt1.gz

451	12.1848231179
452	7.0591701513
453	11.1696568751
454	11.995134696
455	7.39203167242
456	0
457	2.94874194648
458	2.02404868068e-13
459	6.03102245747
460	1.93456613599
461	2.38144270212
462	5.99783310502
463	0
464	0
465	0.922149077878
466	1.84156521728
467	5.00756707763
468	0.0549705052447
469	7.23568907404
470	2.29077824331
471	1.56149792
472	2.45633609018
473	0
474	0
475	0
476	2.99942543673
477	2.06192057181e-07
478	0.149195889253
479	6.67323660721
480	1.12216694877
481	6.5856073129
482	0.542305328709
483	5.44065643709
484	5.41670184157
485	3.88
486	4.54205236529
487	0
488	1.07914458552
489	1.68155862782
490	10.4319071484
491	1.09450873522
492	12.6463357496
493	7.73865021854e-05
494	13.5177715147
495	12.1879429511
496	3.99852273339
497	0.993399880508
498	3.51419299776
499	1.30498731266
500	1.95134288348


input.pir0Wtd2.gz

451	7.02249223992
452	15.2612507168
453	7.54387052704
454	21.2683815193
455	9.73417178733
456	2.14518042055e-10
457	2.0632954257
458	3.87766305284
459	6.88820456899
460	0.212304871141
461	2.54652587954
462	1.96422644714
463	9.37584676193
464	5.58286547174
465	0.940000014085
466	1.31379892096
467	5.92093481863
468	0.00362419300941
469	7.80533735031
470	2.88113246474
471	2.00000000128
472	0.0467652362472
473	1.94574748649e-27
474	0.00580069521385
475	4.32081155317
476	8.67220102873
477	0.139806608483
478	10.5852740928
479	8.28295903849
480	3.39690945878
481	7.15638653677
482	2.19510126197
483	3.82032204005
484	3.12426512807
485	1.63162997786
486	5.27068644706
487	4.83903478208
488	1.66257372272
489	2.05404727566
490	9.77917249643
491	5.59502499742
492	10.3060848298
493	8.10594829871
494	12.4479288745
495	15.4722870626
496	4.76844291409
497	1.14960722384
498	4.66334992818
499	1.02005201707
500	1.32326655666


input.pir0WTTD.gz

451	3.55705065853
452	12.1793343946
453	8.7118365276
454	11.9151729193
455	6.66910635376
456	5.92760618277e-12
457	1.30061499802
458	0.814053229491
459	3.22408055602
460	0.684481421501
461	2.19713163791
462	4.12993741609
463	6.00894867051
464	4.93187146678
465	0.669216278404
466	2.07737698334
467	2.43917619714
468	0.0107356333017
469	5.91547567231
470	1.15837369549
471	0.656646086762
472	3.94443676134
473	3.56514632112e-26
474	0.0615697323487
475	0.621330523315
476	0.911217441455
477	0.15822386655
478	7.58927817096
479	5.66076989304
480	2.42968846683
481	4.29237924555
482	0.146306503416
483	4.68651894848
484	0.712965837984
485	1.44170824844
486	1.78743325149
487	3.51046043457
488	1.64400866777
489	3.07251776629
490	5.16063865083
491	1.91247023877
492	10.0557308864
493	5.09951525198
494	10.8330736434
495	12.6082427005
496	1.63117449152
497	0.75969188976
498	0.663794855375
499	0.116281619019
500	2.46668152933


input.PuLongAuth.gz

451	6.9703533691
452	4.06114538324
453	10.5713540371
454	15.39651779
455	4.50456656875
456	0
457	1.80422223691
458	4.68644085355e-12
459	1.46755902616
460	5.68076416257
461	2.62071818209
462	2.02355252824
463	5.32339473177
464	0.114676617888
465	1.71770076387
466	1.88
467	3.17732893154
468	0.018220359631
469	7.27259585944e-05
470	0.780781288754
471	0.212307890348
472	0.951122798229
473	0
474	0.00588317610896
475	0.0714060471921
476	3.39419896628
477	0.623905510904
478	1.73976994568
479	4.12289184006
480	1.89676525786e-11
481	0.0283643761675
482	2.66678672936
483	1.90873211995
484	0.156256904625
485	0.0450855305617
486	4.59053423164
487	6.5554909356
488	0.729147497223
489	1.60146379816
490	3.03844631379
491	0.229353246223
492	4.32933374396
493	0.00158906881926
494	16.1528059927
495	8.9834869338
496	2.54794896
497	2.23086227799
498	0.312511212333
499	1.39204365229e-11
500	4.58322761471


input.PuLongBase.gz

451	6.96399054267
452	4.07624415559
453	10.6637950902
454	15.4938643839
455	4.417674029
456	0
457	1.64437456497
458	7.12147642145e-12
459	1.5275423285
460	5.81757232863
461	2.63430819085
462	2.04055888395
463	5.67863482642
464	0.129783406392
465	1.71775841081
466	1.88
467	4.17472751458
468	0.022785899986
469	0.000437503669505
470	0.940049212388
471	0.287754889321
472	0.956732602218
473	0
474	0.00588317610951
475	0.0783157654732
476	3.53771714291
477	0.664181384801
478	1.29402580841
479	4.12030452532
480	4.79839264011e-11
481	0.0390907869348
482	2.74893867621
483	2.53483085842
484	0.138071098947
485	0.0311031450974
486	4.88354705493
487	6.53127762672
488	0.916371125031
489	1.74779692212
490	3.05498730001
491	0.243993206206
492	4.51818789667
493	0.00023646506423
494	16.5893644767
495	9.49890882152
496	2.54794896001
497	2.02433489917
498	0.376254794618
499	2.74945404183e-11
500	4.5398456432


input.PuLongWAuth.gz

451	6.96627805728
452	4.07624415559
453	10.5066211849
454	15.4125242413
455	4.40350902949
456	0
457	1.82596939541
458	7.12147642145e-12
459	1.52754232786
460	5.62027735373
461	2.62071818209
462	2.05508158605
463	5.65979337349
464	0.121996402009
465	1.71775841081
466	1.88
467	3.81996255677
468	0.0222677679338
469	0.000437503669505
470	0.780798172388
471	0.255612786121
472	0.955839614892
473	0
474	0.00588317610951
475	0.0745101447444
476	3.40830592733
477	0.624782619595
478	1.27765467314
479	4.10902201076
480	4.79839264011e-11
481	0.036831728359
482	2.71662176936
483	2.37676988769
484	0.138071098947
485	0.042380398728
486	4.89364645067
487	6.53127762672
488	0.863102241282
489	1.64292910679
490	3.0677171395
491	0.243993206206
492	4.50808850093
493	0.00023646506423
494	16.0789293984
495	9.3517877072
496	2.54794896001
497	1.98542624352
498	0.376254794618
499	2.74945404183e-11
500	4.51689738755


input.PuShortAuth.gz

451	1.47941850817
452	4.93756125363
453	11.7597082357
454	19.3990589517
455	3.78601141918
456	0.587040966606
457	4.47914264504
458	0.0609394612127
459	1.21845248463
460	5.57505426557
461	2.62071818209
462	1.28994323508
463	0
464	0
465	0.310314597639
466	1.88
467	3.67981932534
468	0.0193833261236
469	7.27259585944e-05
470	0.914211970428
471	0.129271858791
472	0.62059692582
473	0
474	1.09676626153e-07
475	0.0809625117268
476	3.54959084393
477	7.56625900716e-08
478	1.14693643283
479	3.31088023199
480	0
481	0.00588317610734
482	2.63640883693
483	1.98289278942
484	1.00016752358
485	9.5122599718e-07
486	5.15114346296
487	0
488	0.36508071752
489	0.829077174784
490	2.29143059797
491	0
492	2.99666271197
493	0.0540031364423
494	15.4139200661
495	0.883616946904
496	5.29405446461
497	2.4708265991
498	0.481915204368
499	8.59817472541e-13
500	4.43979925902


input.PuShortBase.gz

451	2.30886813886
452	4.9473282385
453	11.8596612827
454	19.4997766658
455	3.71076007664
456	0.872931988061
457	5.05887268847
458	0.192745570307
459	1.33081623152
460	5.60111591692
461	2.63430819085
462	1.14136662794
463	0
464	0
465	0.539835171463
466	1.88
467	4.81178294341
468	0.0222728181508
469	0.000437503669505
470	1.12730253027
471	0.32650134711
472	1.51384811916
473	0
474	3.73101012099e-06
475	0.0888007576113
476	3.74539901261
477	8.56299118058e-08
478	0.729800120255
479	3.70733108721
480	0
481	0.00907228894297
482	2.71662176936
483	2.41064470183
484	1.00000973063
485	2.62844697321e-08
486	5.87698688367
487	0
488	0.43910436463
489	0.897126087765
490	2.39729500292
491	0
492	2.99726705921
493	0.089940722408
494	17.0718416026
495	0.885436679405
496	6.27633106765
497	2.50476414967
498	0.545399733327
499	1.69824317019e-12
500	4.50520225416


input.ric9dpn.gz

451	13.9680586128
452	12.1638293373
453	11.6445143675
454	20.7855948622
455	7.61232548045
456	1.36287584988e-13
457	3.47100976436
458	2.50315296069
459	7.64140109051
460	1.64204836249
461	3.84212560218
462	3.75987752524
463	12.9674551122
464	1.73293675495
465	4.53973350214
466	1.88665818935
467	7.72844259621
468	1.13465870585
469	7.21424893173
470	4.72263499792
471	2.13870163696
472	3.66703964825
473	1.88900373549e-06
474	0.214081154014
475	5.17534119489
476	9.32564675539
477	0.0125542169954
478	7.57565987211
479	9.56700820883
480	1.97263572875
481	7.56913283656
482	1.46123168686
483	7.10751329085
484	2.96559380344
485	3.88
486	7.20869792
487	6.07756572859
488	3.68311604792
489	5.09989206498
490	10.2997394835
491	3.77473021695
492	10.2509427989
493	4.54898593891
494	15.8609346028
495	16.3983168535
496	6.15905940801
497	1.08054883626
498	4.16777444103
499	1.07039844194
500	2.04239264483


input.ric9dpx.gz

451	13.510826379
452	14.4128777472
453	9.22653190488
454	21.7223538398
455	8.92954819012
456	0
457	1.76938869363
458	0.904041818793
459	4.92884391164
460	0.933946000884
461	3.59221744905
462	3.98586254113
463	6.60781045287
464	1.46419099884
465	0.858890629368
466	1.37974183642
467	6.28265697732
468	0.342857812524
469	6.05817335642
470	4.67871360616
471	2.00000329677
472	4.63906411102
473	0
474	0.00744728014379
475	6.20270541149
476	7.49809947605
477	0.000253977137686
478	12.8545132124
479	9.03595959868
480	2.68526932278
481	8.95154879191
482	1.06060107138
483	7.92474382638
484	1.84312474496
485	2.36512748154
486	6.26099764926
487	6.30847300509
488	2.66595109591
489	5.96688608925
490	11.3045385167
491	4.27900233203
492	10.4841605708
493	2.35223262762
494	20.5855838104
495	16.7684981887
496	6.05104692497
497	1.42881802343
498	3.38213716604
499	1.02021947817
500	1.44611029618


input.ric9dpxL.gz

451	13.510826379
452	14.4128777472
453	6.14956768196
454	21.7223538398
455	8.92954819012
456	0
457	1.76938869363
458	0.904041818793
459	4.92884391164
460	0.933946000884
461	3.59221744905
462	3.98586254113
463	6.60781045287
464	1.46419099884
465	0.858890629368
466	1.37974183642
467	6.28265697732
468	0.342857812524
469	6.05817335642
470	4.67871360616
471	2.00000329677
472	4.63906411102
473	0
474	0.00744728014379
475	6.20270541149
476	7.49809947605
477	0.000253977137686
478	12.8545132124
479	9.03595959868
480	2.68526932278
481	8.95154879191
482	1.06060107138
483	7.92474382638
484	1.84312474496
485	2.36512748154
486	6.26099764926
487	6.30847300509
488	2.66595109591
489	5.96688608925
490	11.3045385167
491	4.27900233203
492	10.4841605708
493	2.35223262762
494	20.5855838104
495	16.7684981887
496	6.05104692497
497	1.42881802343
498	3.38213716604
499	1.02021947817
500	1.44611029618


input.ric9dsx.gz

451	13.7447144082
452	14.2884218118
453	10.5241982318
454	21.668714945
455	8.51696205419
456	0
457	1.52089132319
458	0.968992714083
459	5.24550472407
460	1.63006691599
461	3.53759145119
462	4.4080389852
463	5.58471180692
464	1.32387092303
465	1.21156395493
466	1.15625702064
467	7.39753904065
468	0.179490909936
469	1.64684849151
470	4.62755730312
471	2.00016256544
472	4.48196201417
473	0
474	0.0149646460722
475	6.77825465902
476	8.25530941476
477	0.0279830077571
478	13.8959287155
479	8.51513877056
480	1.94296038483
481	8.82911112603
482	1.68524918355
483	7.77018273631
484	2.78440800699
485	2.6766947505
486	6.51962110839
487	6.60698458561
488	3.7199317783
489	6.01720175034
490	10.6579451803
491	3.52405824166
492	8.71224529325
493	0.00465114750904
494	20.4764164834
495	17.8676438711
496	5.96767169375
497	1.41341332274
498	3.27945394695
499	1.61831629754
500	1.41637326697


input.ric9tpx.gz

451	13.9061651471
452	10.4038424686
453	13.8037582541
454	20.4646442485
455	8.28741907608
456	0.000980285156015
457	1.46731848982
458	0.595551075245
459	3.23855045616
460	7.66881810226
461	3.81667221083
462	3.9016904437
463	3.77800747097e-06
464	0
465	0.992087599046
466	1.46780804509
467	7.53578089776
468	0.274286004807
469	5.30141546898
470	3.54404369804
471	1.01260110828
472	4.11027015956
473	0
474	0
475	4.89993647404
476	7.11471876152
477	1.47241189904e-12
478	1.81785269558e-05
479	7.15002153955
480	0.000596132217037
481	8.74735363719
482	1.70653585008
483	1.13651053068e-08
484	0.0289476495751
485	3.428368
486	6.58843748211
487	0
488	2.48554454066
489	1.07455399636
490	11.2380346428
491	0.291497096859
492	13.3293749679
493	5.95456359449e-17
494	21.4523429298
495	19.0709030925
496	5.3069011924
497	3.020957806
498	2.30684064966
499	0.427765617335
500	1.79872034063


input.rmitNFGweb.gz

451	8.20736296935
452	2.47654425615
453	7.58718722216
454	3.59528773295
455	0.0552644062496
456	0
457	0.0202793858782
458	0.572994805779
459	2.27947577813
460	0
461	3.35103778106
462	2.73066292792e-08
463	7.94392284368
464	0
465	0.0229539984879
466	2.00000000001
467	8.10730547967
468	0.245934415492
469	0.319736532525
470	0
471	0.00146524391082
472	4.71618849124e-05
473	0
474	0
475	2.061931307
476	1.13002879338
477	1.0385706852
478	0.0148472318712
479	2.79406704068
480	5.16785401973e-26
481	0.114915253077
482	1.654034839e-10
483	0.96060046694
484	0.940240388023
485	0.503559616802
486	5.27243083942
487	3.45268143695
488	0.69113434737
489	0.0220337684428
490	0.0052007097804
491	1.02071347394e-25
492	1.37379607452e-10
493	0.687302342596
494	7.74171248559
495	0
496	4.88439353603
497	1.69568769775
498	0.00674205866015
499	0.349284612142
500	0.149460094321


input.rmitNFLweb.gz

451	8.03197303746
452	2.67621372797
453	7.58718722216
454	5.05208986708
455	0.0665368067548
456	0
457	0.0202793858782
458	0.572994805779
459	0.00777659656018
460	0
461	3.35103778106
462	7.64394567068e-08
463	7.94392284368
464	0
465	0.0229539984879
466	2.00000000003
467	8.17911229885
468	0.245936333002
469	0.412320041287
470	0
471	0.00104593443101
472	3.05885787812e-05
473	0
474	0
475	2.07320837943
476	1.13002879338
477	1.04386871291
478	0.0148472318712
479	2.7874453509
480	1.15517595512e-25
481	0.114915259016
482	7.3994891504e-11
483	1.00743330113
484	0.940261783439
485	0.535701720002
486	5.22863478132
487	3.45268143695
488	0.714081035524
489	0.0220337684428
490	0.000721534511729
491	1.67448406473e-25
492	4.2398597368e-11
493	0.687302342596
494	7.74171248559
495	0
496	4.88439353603
497	1.69568769775
498	0.00633753514054
499	0.176852614311
500	0.117183262684


input.rmitWFGweb.gz

451	2.50876174649
452	0.000200089694691
453	1.30661671321
454	0.347681679186
455	0
456	0
457	0
458	1.36135834364e-14
459	1.22889188809e-10
460	0
461	1.4678080448
462	0
463	2.28116633475
464	0
465	4.07626178725e-08
466	0
467	0.747271381927
468	0
469	6.76976037305e-08
470	0
471	0.00218603698992
472	2.78597392816e-12
473	0
474	7.81724357394e-12
475	0.49293057121
476	0
477	0
478	4.9438141184e-05
479	0.000495982771831
480	0
481	1.8642417659e-05
482	0
483	1.15064059437e-09
484	1.44825355706e-14
485	0
486	0.315606248194
487	0.008527951606
488	0.000717746679111
489	3.34050954889e-07
490	2.19354578208e-07
491	0
492	1.06724625957e-19
493	0.138537427967
494	2.40831100707
495	0.0426108829671
496	0.418620232169
497	0.172525502978
498	0
499	0.00965137121549
500	8.14528684052e-07


input.rmitWFLweb.gz

451	3.48993983464
452	2.00973714223
453	3.09380233786
454	3.8060273639
455	0
456	0
457	1.17638051301e-17
458	0.8836
459	0.256339165029
460	0
461	2.4678080448
462	2.73820333541e-06
463	4.97860238973
464	0
465	0.00381514865108
466	2.0
467	5.58395670813
468	0.179447960669
469	0.20391675201
470	0
471	0.00133254024756
472	7.73680410578e-05
473	0
474	0
475	0.49067770939
476	0.0580605660502
477	0.022950865591
478	0.00336353119814
479	1.76840037974
480	0
481	2.70231363462e-05
482	7.46040399837e-21
483	0.0103073364212
484	0.256337876535
485	0.0242837481875
486	0.000822509352508
487	1.43930902177
488	0.00182316442523
489	3.34050954889e-07
490	0.000719985777437
491	0
492	1.97350819916e-14
493	0.140658942397
494	3.19019412286
495	0
496	2.42778893268
497	1.17252550302
498	0.000683161069925
499	0.0102674161867
500	0.00170722647602


input.Sab9web1.gz

451	13.7878676243
452	10.4495283371
453	3.30116777492
454	17.9537160945
455	5.87043546835
456	0.20758732362
457	2.66524692571
458	0.756842532166
459	7.53415291192
460	0.00907760226572
461	3.15913787708
462	5.28723149498
463	0
464	0
465	0.977954091321
466	1.88
467	9.03359413156
468	0.0562666976746
469	0.469323888153
470	1.03376567415
471	1.18444772362
472	0.835327117064
473	0
474	0
475	0.000668949943406
476	6.30325348654
477	0.00192086492432
478	0.389569381051
479	3.33115157393
480	0.000363383547832
481	6.16794820062
482	0.686602813117
483	0.286203432852
484	4.50611354856
485	0.444945277406
486	6.30593123319
487	0
488	4.15993142249
489	1.05630469324
490	4.30066644387
491	1.45550743695e-05
492	10.027804687
493	0.332818246888
494	20.6273281758
495	0.00193158273504
496	6.69890141869
497	0.472898450765
498	1.7672
499	0.438929234926
500	3.25608198096


input.Sab9web2.gz

451	12.5930511881
452	12.1830263798
453	16.5006631777
454	20.8889933303
455	6.83852479169
456	2.34404090839
457	3.94558067669
458	0.964181328334
459	9.91642267629
460	6.04978508973
461	3.4078080448
462	1.57037865612
463	6.98364743627
464	1.45335889632
465	10.8105913255
466	2.01906262175
467	9.423338817
468	0.440568788571
469	3.57420986082
470	1.75920388774
471	2.45604413389
472	2.54635377857
473	0
474	1.67190331838e-14
475	5.48826484373
476	8.94799740406
477	0.512774843973
478	10.825335463
479	4.65967947783
480	0.844705225341
481	5.88326955678
482	0.690978181424
483	3.57197769844
484	1.05012022788
485	1.27389340832
486	6.36607743919
487	7.73715596448
488	5.46097014328
489	3.56265278848
490	9.39869686819
491	4.93625174241
492	12.4641840267
493	10.920621141
494	22.3600012442
495	1.12326964122
496	7.57862835202
497	1.42808081966
498	2.54482721838
499	1.17370624134
500	5.91866776957


input.Sab9web3.gz

451	12.3595556899
452	11.9053052566
453	16.7809355901
454	20.3437586887
455	7.16268603323
456	1.21960135325
457	3.96269951667
458	0.242145551137
459	9.82544994418
460	6.29812500769
461	3.4078080448
462	1.98368376185
463	6.76762023875
464	1.69267957874
465	11.6744894726
466	2.00000026081
467	9.06446581641
468	0.529442992699
469	4.51415598602
470	1.84588878861
471	2.42037902506
472	2.83462610995
473	0
474	1.73810054891e-14
475	5.18844548206
476	10.203754899
477	0.481965375809
478	10.7545676121
479	4.83575260903
480	0.891842756137
481	5.75812231675
482	0.916582057016
483	3.23142161347
484	0.842125295574
485	1.35520575353
486	6.18689716657
487	8.24375904708
488	5.53288198627
489	3.94906267132
490	9.48969709897
491	5.07625107179
492	12.4659632113
493	10.9001290379
494	22.3743559017
495	1.16154045577
496	7.58475176826
497	2.24162034059
498	3.09075161887
499	1.1101001462
500	5.57846370853


input.Sab9web4.gz

451	12.5930511881
452	12.5322147033
453	16.3699201527
454	20.8512722542
455	6.46986158015
456	2.53192392749
457	3.86166672561
458	1.83798829112
459	9.95244509235
460	6.44422525969
461	3.4078080448
462	1.7401596053
463	6.97569187033
464	1.34149097646
465	10.6613237245
466	2.01684373257
467	9.29375550853
468	0.440563050009
469	3.54374732826
470	1.65905428103
471	2.49394700352
472	2.58690180269
473	0
474	8.55946702151e-17
475	5.03771019758
476	7.67616362569
477	0.482020624203
478	10.8249317487
479	4.66018954956
480	0.900177866692
481	5.90442239397
482	0.685942977842
483	3.66093003355
484	1.08077191659
485	1.35520575353
486	6.17726106547
487	7.73763510597
488	5.37850095853
489	3.95293709075
490	9.29442662683
491	4.98586002911
492	12.0868076983
493	10.9035735343
494	22.3349016832
495	1.10080968387
496	7.58136474473
497	1.47201637367
498	2.26464982775
499	1.19222366213
500	5.8143820324


input.Sab9web5.gz

451	12.641401698
452	12.5028248703
453	16.1159881679
454	20.7818835774
455	6.12447548642
456	1.928626409
457	3.94558067669
458	0.964181328334
459	9.91642267629
460	6.04978508973
461	3.2914080448
462	1.57037865612
463	4.90587336713
464	2.27566864475
465	10.2627972633
466	2.01684373257
467	8.83270709657
468	0.440405129542
469	3.57420986082
470	1.75920388774
471	2.45604413389
472	1.85640206475
473	0
474	1.67190331838e-14
475	5.16918846125
476	8.92523115906
477	0.190547299425
478	10.825335463
479	4.65967947783
480	0.844705225341
481	5.88326955678
482	0.416415085801
483	3.57197769844
484	0.927886233358
485	1.27389340832
486	6.36607743919
487	7.71210994702
488	5.22912818828
489	3.56265278848
490	9.39869686819
491	4.81946154276
492	10.2039617853
493	9.84570298074
494	22.3600012442
495	1.12326964122
496	7.57862835202
497	1.42808081966
498	2.39213758531
499	0.584484428336
500	5.91866776957


input.Scai9Web1.gz

451	3.74393949427
452	5.3205871648
453	3.17330268291
454	14.5296099253
455	0.115345420221
456	0
457	1.44451655513
458	2.15968003669
459	2.85882827626
460	5.62722886182
461	0.923638932449
462	0.0482884493407
463	6.89319634046
464	0.401308793323
465	0.671034374459
466	1.66140364609
467	8.02467033208
468	0.0807266962202
469	7.19569837301
470	5.83393480373
471	0.376254794618
472	3.01314077382
473	0
474	1.0647191526e-09
475	4.15753681261
476	8.36809700627
477	5.21153733106e-21
478	0.0112633996956
479	5.01729044465
480	0.00750694646628
481	0.0411753602277
482	0.448894623764
483	0.0969584311052
484	2.70385281154
485	0.418248560762
486	1.72265573892
487	4.7853967546
488	0.168011820589
489	1.9682573343
490	0.383425477761
491	1.90221598548
492	2.1787452712
493	0.00552941971545
494	11.6578539144
495	5.6046738492
496	5.25422588999
497	3.19686441521
498	1.19214284531e-07
499	1.00990330424
500	2.36627197297


input.Scai9Web2.gz

451	3.15532690747
452	5.89125221054
453	0.0459041432703
454	15.1720627606
455	0.00116394003049
456	0
457	1.44451655513
458	2.16035934983
459	3.32800412342
460	5.62722886182
461	0.923638932449
462	0.0482884493407
463	7.2396634508
464	0.494993980013
465	6.48970499948e-05
466	1.66155457824
467	8.05460306648
468	0.160767651298
469	6.21058241047
470	5.83393480373
471	0.376254794618
472	3.01314077382
473	0
474	1.0647191526e-09
475	4.65940512757
476	8.49423276805
477	5.21153733106e-21
478	0.0112633996956
479	4.84285100881
480	0.00750694646628
481	0.0411753602277
482	0.448894623764
483	0.0969584311052
484	2.14593572949
485	0.418248560762
486	0.802274161677
487	4.78539739809
488	0.168011820589
489	1.9682573343
490	0.383425477761
491	1.89421653176
492	0.790634430581
493	0.00552941971545
494	11.6578539144
495	5.93763275897
496	5.25443096838
497	3.24848604155
498	1.19214284531e-07
499	1.00990330424
500	2.36627197297


input.Scai9Web4.gz

451	3.85140856722
452	5.61121138722
453	1.14966159753
454	14.9280958969
455	0.00116394003049
456	0
457	1.44451655513
458	2.16034741407
459	3.13448483712
460	5.62722886182
461	0.923638932449
462	0.0482884493407
463	6.9175613708
464	0.488631330772
465	0.378676069509
466	1.66155457824
467	7.80935453151
468	0.132680252678
469	7.83264567051
470	5.83393480373
471	0.376254794618
472	3.01314077382
473	0
474	1.0647191526e-09
475	3.84278395212
476	8.47988597943
477	5.21153733106e-21
478	0.0112633996956
479	5.21528118013
480	0.00750694646628
481	0.0411753602277
482	0.448894623764
483	0.0969584311052
484	2.43640797079
485	0.418248560762
486	1.4947723117
487	4.78539739809
488	0.168011820589
489	1.9682573343
490	0.383425477761
491	1.88816370118
492	1.48745234601
493	0.00552941971545
494	11.6578539144
495	6.03839255067
496	5.25443096838
497	3.20924768524
498	1.19214284531e-07
499	1.00990330424
500	2.36627197297


input.tnout9f1.gz

451	12.1337291547
452	11.5360970711
453	13.0665967696
454	10.3631069545
455	6.18313652971
456	0.596592177629
457	4.50146178372
458	2.45435967852
459	9.14318680988
460	3.01153528115
461	3.59779768175
462	0.928214353295
463	8.32346017177
464	0
465	9.18588684551
466	2.47592031481
467	9.63550004908
468	1.12519616529
469	7.269962826
470	2.61664560009
471	3.08938880031
472	2.47453099842
473	0
474	0.0684484415927
475	8.49190286821
476	6.2656348436
477	1.01259641979
478	8.8280856564
479	4.50353172841
480	0.958369036039
481	4.90513745205
482	1.77702550888
483	4.7709853696
484	2.4625813185
485	3.88
486	6.60240548211
487	7.54006858191
488	3.38051688653
489	5.3394281507
490	5.38655548091
491	3.3805812267
492	10.1898489488
493	8.91859396395
494	12.4977257436
495	0.47351906477
496	7.25730329214
497	0.286448991458
498	1.68677871684
499	1.38736509593
500	4.33734527691


input.tnout9t2.gz

451	13.9209791763
452	6.17523875925
453	14.0214939316
454	16.3483050602
455	5.47298380352
456	5.54794564323e-22
457	2.89218626949
458	1.01981426784
459	6.77535642502
460	5.40805922391
461	3.63443640256
462	3.33968303441
463	0
464	0
465	0.154656786387
466	1.88337102933
467	7.58162438159
468	0.271657220522
469	6.57508958284
470	3.63121340024
471	1.6810867874
472	1.08861239435
473	0
474	6.46281202795e-13
475	3.76592207581
476	6.00060562125
477	5.16435441943e-25
478	0.26269048637
479	6.57856548097
480	0.334474117135
481	5.24059507531
482	0.362161620381
483	0.222900809676
484	1.4378183641
485	3.88
486	6.82123748211
487	0.502270131561
488	2.56668886598
489	2.38992751348
490	8.17135648322
491	0.683268056852
492	8.50829164823
493	0.307885638535
494	15.0751478398
495	0.127783539311
496	5.76510180927
497	2.65077287153
498	1.77253674732
499	1.94297864152
500	0.918714077019


input.tnout9t2lc10.gz

451	13.9209791763
452	6.17523875925
453	13.6205555257
454	16.3483050602
455	5.16285358458
456	5.54794564323e-22
457	2.55554122126
458	1.01981426784
459	6.77535642502
460	5.40805922391
461	3.63443640256
462	3.33968303441
463	0
464	0
465	0.154656786387
466	1.88337102933
467	7.58162438159
468	0.271657220522
469	6.57508958284
470	3.51121340024
471	1.6810867874
472	1.08861239435
473	0
474	6.46281202795e-13
475	3.76592207581
476	6.00060562125
477	5.16435441943e-25
478	0.26269048637
479	6.57856548097
480	0.334474117135
481	5.24059507531
482	0.362161620381
483	0.222900809676
484	1.4378183641
485	3.6472
486	6.82123748211
487	0.502270131561
488	2.56668886598
489	2.38992751348
490	8.17135648322
491	0.683268056852
492	8.50829164823
493	0.307885638535
494	15.0751478398
495	0.127783539311
496	5.51100132658
497	2.65077287153
498	1.59077838943
499	1.82657864152
500	0.918714077019


input.tnout9t2lc50.gz

451	13.1164964808
452	5.43750110154
453	13.3299820829
454	16.3483050602
455	5.18226721146
456	5.54794564323e-22
457	3.07932646896
458	1.01981426784
459	6.77535642502
460	5.40805922391
461	2.6761800831
462	3.20989519981
463	0
464	0
465	0.154656786387
466	1.77057102933
467	7.18498341774
468	3.91976494129
469	6.57508958284
470	2.98391585707
471	1.09377445431
472	1.05823450191
473	0
474	6.46281202795e-13
475	3.41915358231
476	5.34907212444
477	5.16435441943e-25
478	0.249090479812
479	6.57856548097
480	0.334474117135
481	4.67967779408
482	0.307997876026
483	0.212801413939
484	1.4378183641
485	3.428368
486	5.66561071284
487	0.473714912672
488	3.0311910498
489	2.12394077702
490	8.17135648322
491	0.624334945528
492	8.01845772347
493	0.307885638535
494	14.1916495894
495	0.120116526952
496	4.89366166906
497	2.34609540332
498	1.59077838943
499	1.82657864152
500	0.918714077019


input.tnout9t2lk50.gz

451	13.6850932741
452	4.23594799359
453	8.44200127082
454	12.3523697952
455	0.0302666158956
456	8.07506162434e-27
457	4.20865315674e-05
458	1.48434458226e-05
459	9.26987009725e-05
460	7.39916889077e-05
461	5.14486941975e-05
462	4.56927377621e-05
463	0
464	0
465	1.45974704534e-06
466	1.57072521661e-05
467	9.68046111862e-05
468	1.66274193963e-06
469	5.83337449595e-05
470	2.56975539104e-16
471	2.30002012645e-05
472	1.48941175177e-05
473	0
474	7.81301635317e-18
475	5.15243841497e-05
476	8.3743711126e-05
477	0
478	3.59406432913e-06
479	9.22816298934e-05
480	3.80090993123e-06
481	6.40363807072e-05
482	4.11554625336e-06
483	2.69469027352e-06
484	1.63391360331e-05
485	5.30851717918e-05
486	9.332643391e-05
487	0
488	2.74173920773e-05
489	3.26985988046e-05
490	6.4059912536e-05
491	8.36987379674e-07
492	7.54881609242e-05
493	3.28883698309e-06
494	0.000206124446493
495	8.85162087784e-07
496	4.47822277497
497	1.72602969061e-05
498	1.89342524588e-05
499	2.65833389105e-05
500	1.25696120119e-05


input.UCCS1.gz

451	0
452	0.0131507266903
453	0.859630821362
454	0.213138449256
455	0
456	0
457	3.17869892257e-11
458	5.50263439268e-12
459	0.0743652172783
460	0.830584
461	0.0358377288825
462	0
463	0
464	0
465	0
466	0
467	0
468	1.47989465884e-10
469	0.215595140547
470	2.68042413967
471	0
472	0
473	0
474	0.00205487477052
475	0.0101106021519
476	0.747887361128
477	0
478	0.0797176676345
479	0
480	0
481	9.83650849375e-09
482	0
483	0.127435455125
484	0
485	0
486	0
487	0
488	0.0312722986789
489	2.91119175604
490	2.51717360214e-09
491	0
492	0.950826865435
493	3.33824752006e-06
494	13.0119019203
495	0.0747832844778
496	4.8428328504
497	2.8236
498	0.883602460617
499	1.03944969228e-17
500	0.000143642536262


input.UCCS2.gz

451	0
452	0.0139901347769
453	0.859630821362
454	0.896044808373
455	0
456	0
457	3.38159459848e-11
458	5.50263439268e-12
459	0.129783406392
460	0.830584
461	0
462	0
463	0
464	0
465	0
466	0
467	0
468	0
469	0.215595140547
470	2.68042413967
471	0
472	0.609568938541
473	0
474	0.00205487477052
475	0.0101106021519
476	0.415329942053
477	0
478	0.0797176676345
479	0
480	0
481	0.519448933943
482	9.31489663391e-05
483	0.127435455125
484	0
485	0
486	0
487	0
488	1.08142206011e-20
489	2.91119175604
490	2.67784415509e-09
491	0
492	1.37973956211
493	3.33824752006e-06
494	13.0119019203
495	0.0545786017332
496	4.8428328504
497	2.8236
498	1.77566351136e-06
499	1.03944969228e-17
500	0.000135023984087


input.UCCS3.gz

451	0
452	0
453	0
454	0
455	0
456	0
457	0
458	2.53790108256e-19
459	0
460	0
461	0
462	0
463	0
464	0
465	0
466	0
467	0
468	0
469	0
470	0
471	0
472	0
473	0
474	0
475	0
476	9.46893462511e-25
477	0
478	0
479	0
480	0
481	0
482	0
483	0
484	0
485	0
486	0
487	0
488	0
489	0
490	0
491	0
492	2.97396440284e-16
493	0
494	0
495	0
496	0
497	0
498	0
499	0
500	0


input.UCCS4.gz

451	0
452	0
453	0
454	0
455	0
456	0
457	0
458	2.69989476868e-19
459	0
460	0
461	0
462	0
463	3.96915970318e-06
464	0
465	0
466	0
467	0
468	0
469	0
470	0
471	0
472	0
473	0
474	0
475	0
476	5.77196842854e-25
477	0
478	0
479	0
480	0
481	0
482	0
483	0
484	0
485	0
486	0
487	0
488	0
489	0
490	0
491	0
492	3.16124941308e-15
493	0
494	0
495	0
496	0
497	0
498	0
499	0
500	0


input.uwmt9w10g0.gz

451	13.2157055253
452	4.23172905287
453	10.1998552117
454	17.6430806136
455	5.17585586318
456	6.60606682945e-06
457	3.57211140582
458	1.24772081107
459	4.287769302
460	2.88954255488
461	4.40405378106
462	3.45093488353
463	0
464	0.0330318643401
465	0.987182724683
466	0.0439111659467
467	4.38582558024
468	4.26669956538
469	2.235449889
470	6.11904539735
471	0.45331119509
472	1.60701998731
473	1.27444043308e-09
474	8.66365793172e-09
475	0.0105804909346
476	8.60421218188
477	1.1154187339e-06
478	0.000198926629008
479	11.7269406522
480	8.67674602898e-09
481	7.06261031371
482	0.700124872835
483	0.965278091946
484	0.0477790271765
485	1.84657082148
486	7.02693956211
487	6.08519102742
488	0.519651689103
489	1.8265429632
490	6.97868152335
491	1.97222985646
492	9.18205599063
493	4.99225398357e-22
494	13.3367729593
495	10.2307124619
496	5.79632651368
497	3.73657904099
498	1.88
499	1.03127229841
500	1.96081132768


input.uwmt9w10g1.gz

451	14.1904980401
452	4.37041051794
453	4.2871920127
454	16.6593393842
455	7.69894166706
456	0
457	0.231469293931
458	1.82112117564
459	3.08406551162
460	0.403172042485
461	3.89142192094
462	2.39300624679
463	8.66384720193
464	4.26094268502
465	2.13633233653
466	0.0196661259788
467	4.79579883565
468	5.13514081644
469	9.57196198328
470	2.00000002623
471	1.76720065979
472	2.4444451031
473	0.00104037941244
474	0.65014349358
475	0.943988639628
476	8.08156230124
477	0.617247431233
478	10.3423892129
479	7.24581798406
480	0.163492537924
481	5.65254042304
482	1.41835847428
483	3.84299918381
484	1.60138346028e-07
485	0.00848182352088
486	4.84767325721
487	5.0132468605
488	2.85902585663
489	3.61997089506
490	8.57628012283
491	2.66997039442
492	3.34438593109
493	1.27099778806
494	10.5590346131
495	11.8810009686
496	3.74964344474
497	0.771234657901
498	1.52108748125
499	0.883600080492
500	1.82855074075e-10


input.uwmt9w10g2.gz

451	13.3315661738
452	4.23153046289
453	10.1560268457
454	17.5078473365
455	4.87895354448
456	4.71176054539e-06
457	3.58364352251
458	1.14605118177
459	4.28660228686
460	2.9454539231
461	4.40405378106
462	3.50996006515
463	0
464	0.0330309513016
465	0.986481105305
466	0.0439111659467
467	4.57824031777
468	4.26631533242
469	2.23251999127
470	6.10450763567
471	0.453268277057
472	1.60591278248
473	7.30247743904e-10
474	4.96423096316e-09
475	0.0104017149258
476	8.34480501831
477	4.38220840278e-07
478	0.000376254132696
479	11.6334808397
480	8.15613870347e-09
481	7.06106892239
482	0.679533847752
483	0.965299179993
484	0.0473422285611
485	1.84657082148
486	6.94415518839
487	5.94801362223
488	0.517379263485
489	1.72698895485
490	6.96315648869
491	1.97222985646
492	9.30918495507
493	2.8724651303e-22
494	12.3862016544
495	10.2651574179
496	5.76351820183
497	3.22642230237
498	1.88
499	1.03127229841
500	1.96081132609


input.uwmt9w10g3.gz

451	14.3335343946
452	4.36885193433
453	4.2871915731
454	16.6488534037
455	7.58014158692
456	0
457	0.190341175863
458	1.81479420228
459	3.08393809296
460	0.403170599095
461	3.89142192094
462	2.35758504807
463	8.37223095628
464	4.26094268502
465	2.13618653509
466	0.0196661259788
467	4.73810325905
468	5.13482325734
469	9.57196198328
470	2.00000002614
471	1.76720058299
472	2.46910854468
473	0.00104037941244
474	0.649003449097
475	0.943988639456
476	7.99727527514
477	0.580212512172
478	10.3416176853
479	7.22929789765
480	0.16274641951
481	5.65251527456
482	1.4033404504
483	3.81928167608
484	1.31691336621e-07
485	0.0864605008544
486	4.84767325721
487	5.01202317306
488	2.85164022169
489	3.61997087689
490	8.71287097584
491	2.66750661741
492	3.34470701674
493	1.2677215369
494	10.6693022806
495	11.8810009653
496	3.74535269884
497	1.27451420022
498	1.52107225054
499	0.883600071123
500	1.71636455087e-10


input.uwmt9w10g4.gz

451	13.1260313964
452	7.33331686898
453	5.48545772034
454	14.7099937331
455	4.56886797999
456	5.67440515017e-11
457	1.34459448244
458	5.1160199965
459	3.57484670052
460	4.00350317333
461	4.1190019424
462	3.57208678096
463	0
464	0.279247462376
465	0.277379389108
466	2.00000000197
467	4.96324408171
468	1.99750456465
469	7.10266592091
470	5.71903474999
471	0.0232399642071
472	2.27754897094
473	0
474	8.5203540546e-17
475	6.02673356097
476	8.23302814904
477	0.00570461422739
478	1.74047150123
479	11.2141960696
480	1.46759397122e-07
481	6.9660178573
482	1.78242462993
483	0.489339306485
484	2.13147381471
485	3.0293059648
486	6.39034858167
487	4.65581910624
488	0.386483122394
489	1.94438121846
490	7.91544801059
491	2.19973510673
492	9.3051966083
493	5.45422364225e-13
494	9.55371816513
495	7.54714956906
496	5.30190219103
497	2.95669078988
498	2.76740243191
499	0.265989245879
500	2.09446696146


input.uwmt9w10g5.gz

451	13.1072624642
452	7.33320225483
453	5.33942769203
454	14.5811464894
455	4.56815024714
456	2.87294115473e-11
457	1.22386822182
458	5.10410813554
459	3.61972920114
460	4.01262410052
461	4.0721570048
462	3.69035158417
463	0
464	0.27924746237
465	0.277612647673
466	2.00000000185
467	4.90886751564
468	1.99750132159
469	7.10266592078
470	5.68845823306
471	0.0232399642071
472	2.26210264803
473	0
474	7.5285875583e-17
475	6.03998769469
476	7.93475613326
477	0.00473816130345
478	2.45262591068
479	11.1187362543
480	1.28359591918e-07
481	6.96210445895
482	1.78242462985
483	0.471077133626
484	2.1304588041
485	3.0293059648
486	6.39034858167
487	4.4623034638
488	0.386364906695
489	1.94394947711
490	7.98790103946
491	2.19973510673
492	9.40566446108
493	6.9207106834e-14
494	6.85015884292
495	7.54714951594
496	5.20064365283
497	2.6737540376
498	2.68745212521
499	0.26486582627
500	2.09446696084


input.xvsmmain.gz

451	14.3760632513
452	6.65406955412
453	12.1335164722
454	13.9063192239
455	3.34150886257
456	9.4859232587e-09
457	1.88305756888
458	0.361945798221
459	7.38817401644
460	2.37157850021
461	3.28491337577
462	2.77680932216
463	8.44938735473
464	3.67881178775e-19
465	0.0368824200932
466	0.656646086762
467	6.88775235086
468	0.55866133992
469	0.0193014766414
470	2.42052509412
471	1.7672001297
472	1.65340969146
473	0
474	0.0572997698065
475	2.89748836998
476	6.29635545093
477	1.29813262095
478	1.84597968737
479	5.03290307654
480	0.636715325213
481	4.02499178928
482	1.65987507203
483	1.88997970307
484	2.34927983338
485	3.88
486	5.03889189604
487	6.55393705059
488	3.09628830629
489	3.37852035977
490	5.40474856788
491	2.88188631616
492	10.4714392092
493	2.77264368357
494	8.86590917319
495	2.01677241258
496	6.31931855951
497	2.3646023053
498	2.08511909473
499	1.57450288309
500	5.04460302977


input.xvsmman.gz

451	9.82190483215
452	11.2809159209
453	6.91679069371
454	12.6198073278
455	7.44087787336
456	1.01707344837
457	0.961054551575
458	3.73468401872e-05
459	8.30069867596
460	2.64661337804
461	3.2862904277
462	1.00529847828
463	9.41125456432
464	0.156255606167
465	8.46541117287
466	2
467	2.7339040224
468	0.604831557242
469	6.86986592
470	1
471	1.92669482462
472	3.0315399102
473	0
474	2.41866959865
475	6.66329039173
476	6.27356448486
477	0
478	7.55502629492
479	5.28406071988
480	4.34442794776e-06
481	4.14158264518
482	0.880919089283
483	3.84326143293
484	2.13708831481
485	3.6472
486	3.6472
487	6.08228118719
488	3.18015794983
489	6.67231739128
490	9.45872116188
491	2.17604075876
492	11.0050170842
493	2.78628653669
494	11.1110231462
495	5.76321920812
496	4.84803826305
497	2.70301757334
498	1.58452185143
499	1.57410158884
500	3.84199791113


input.xvsmtdn.gz

451	14.0964861924
452	7.79641885563
453	12.1664186624
454	13.355391432
455	3.80971977454
456	1.02607736778
457	2.3056311822
458	0.435091045977
459	8.17533343987
460	2.38276978527
461	3.29097176498
462	2.79355592268
463	8.48227601583
464	0
465	2.29337603004
466	2.10132825957
467	9.6144951414
468	0.600957128228
469	0.0469112051503
470	2.45384800361
471	1.76720000381
472	1.96943917414
473	0
474	0.0238856852121
475	2.0
476	6.29788535674
477	1.66116823045
478	1.80919393707
479	5.09790152847
480	1.0607013952
481	4.00632944712
482	1.65106225584
483	1.88657822698
484	2.18772319017
485	3.88
486	5.03889189604
487	6.46268657015
488	3.47549580316
489	3.29904570852
490	5.40321356299
491	2.87880817719
492	10.6563773819
493	3.40898780381
494	11.5115468749
495	0.391995290838
496	6.59656904735
497	2.46868932831
498	2.26211199391
499	1.57441239824
500	5.9530666248


input.xvsmtitle.gz

451	14.3701752646
452	6.63869936105
453	11.6852851647
454	12.2184774167
455	2.62892963646
456	8.38717958929e-05
457	1.89189512045
458	0.494617534844
459	7.29560277891
460	2.26888698069
461	3.28240218386
462	3.02727899087
463	0
464	0
465	0.0097099850829
466	1.0125964145
467	7.59756784046
468	0.569314640934
469	0.0193014766414
470	2.40256709793
471	1.66117189858
472	2.09167135904
473	0
474	8.26589735062e-23
475	1.21961593717
476	5.71084809718
477	7.01434142606e-06
478	0.151474893144
479	5.03177833098
480	3.16687916828e-09
481	5.91010611212
482	1.65106225584
483	0.529400330036
484	2.42052319017
485	3.6472
486	5.51206704365
487	0
488	2.9277442305
489	2.57387597741
490	5.09003330423
491	0.137568323542
492	10.6080849504
493	1.1643923269
494	8.77769768716
495	0.232446249688
496	6.02463017312
497	3.01225145791
498	1.50659322327
499	1.57375834086
500	5.17346737088


input.CWI0001.gz

451	0.00734768190212
452	4.74141228457
453	0.208610882469
454	3.37958804374
455	0.176839753471
456	0.0400542299931
457	0.630328754688
458	1.73061055002e-11
459	1.54035841044
460	1.44651766801
461	0
462	0.755819419226
463	0.00252230549139
464	0.188154420983
465	0.0362059517108
466	0
467	2.5706271516
468	0.00104327659741
469	0.397107487042
470	0.262352645065
471	0.0215754664918
472	0.316252414533
473	0
474	0.815539728805
475	0.0117671972889
476	4.63021859355
477	0.243992804018
478	4.75022769516
479	2.43861607669
480	1.00752719312e-05
481	0.717563327572
482	0.146893094585
483	0.058405767471
484	0.574114449678
485	0
486	0
487	5.57572366038e-13
488	0.660654148516
489	3.55753047874e-06
490	2.36456396491
491	1.0
492	0.414261192882
493	0.0375387136674
494	7.8083205935
495	0.816084453281
496	6.4260657014e-05
497	6.0902420599e-15
498	0
499	8.11549366951e-18
500	0.0772778272695


input.iit00tde.gz

451	13.1314947299
452	4.57237202579
453	15.9515152191
454	23.1707939912
455	8.36603826413
456	0
457	1.93814215462
458	6.82955619147
459	10.7522005946
460	1.00460423343
461	3.84044373257
462	3.2887191181
463	9.78030075013
464	2.61613408196
465	2.88848828701
466	1.88193158228
467	7.76255568283
468	2.6893518904
469	7.03395387303
470	2.18099178999
471	1.88002351777
472	2.30366571197
473	1.45550481991e-05
474	2.68165298727
475	5.34933698791
476	8.6022666016
477	0.00047129217817
478	10.8423156101
479	6.76308979409
480	1.85481676493
481	9.27077361524
482	1.56267710642
483	4.89553166592
484	2.9031963335
485	0.994590953695
486	6.48240548211
487	7.04656625592
488	3.75438931773
489	4.69529664831
490	7.70501345918
491	2.53900931571
492	14.0115599081
493	7.54093367533
494	18.0958281335
495	14.918881294
496	2.25930774914
497	1.61327105395
498	4.0160437111
499	0.45031944539
500	3.22116101096


input.NEnmLsa.gz

451	13.2130252987
452	11.2879480158
453	8.27104431771
454	13.0222954484
455	7.02795023279
456	2.30082862616
457	3.45419017397
458	2.9507162475
459	7.86031271193
460	6.92592497799
461	3.44665885209
462	4.3123802607
463	7.69357439104
464	0.415571196818
465	4.9034927815
466	1.82526056605
467	9.54128925839
468	0.420297049502
469	5.40195441213
470	2.90102455853
471	1.90653808282
472	4.13489868149
473	9.46893462511e-25
474	1.90266035586
475	4.18043452402
476	9.69000375457
477	0.428294286564
478	12.3139869212
479	8.76467933514
480	4.02435722427
481	7.13840450126
482	1.20038447477
483	3.94390756713
484	1.48325710134
485	3.428368
486	6.38871560691
487	7.19015743077
488	7.02883764375
489	7.65833968372
490	7.79140320135
491	4.32132440067
492	6.56676097571
493	4.819119272
494	16.5653680575
495	3.63702763134
496	7.47445392021
497	2.87500836736
498	2.93592406461
499	1.61133434635
500	5.99296955091


input.PuShortWAuth.gz

451	2.31552759608
452	4.94895921829
453	10.9779379242
454	19.4980820676
455	3.71076007664
456	0.850944602483
457	4.75630766655
458	0.119196574978
459	1.31826542844
460	5.53752738352
461	2.62071818209
462	1.36127393588
463	0
464	0
465	0.3596957618
466	1.88
467	4.5542556567
468	0.0217546882164
469	0.000437503669505
470	0.93126974693
471	0.30775067437
472	1.46031452271
473	0
474	3.73101012099e-06
475	0.0844938079408
476	3.57526469238
477	8.56299118058e-08
478	1.07485625057
479	3.44858051577
480	0
481	0.00852795160642
482	2.68624387693
483	2.05654865723
484	1.00000973063
485	2.62844697321e-08
486	5.72715204437
487	0
488	0.529212871031
489	0.862049200706
490	2.3449802177
491	0
492	2.99726705921
493	0.0625486941858
494	15.5590279168
495	0.885436679405
496	5.29405446461
497	2.50470567791
498	0.545399733327
499	1.69824317019e-12
500	4.37465311582


input.Scai9Web3.gz

451	2.37232768737
452	5.66656541685
453	8.30889773161
454	14.9503102618
455	0.00123367016356
456	0
457	1.44523992318
458	2.14616325024
459	2.89404389629
460	5.66190141903
461	0.969522608727
462	0.0897843795965
463	6.90013218065
464	0.39873544717
465	0.845665735799
466	1.66141868733
467	7.78882001111
468	0.0807267698138
469	0.0520810842702
470	5.71690421656
471	0.353679506941
472	2.80104721583
473	0
474	0.0199819010459
475	2.57930071498
476	8.37888110681
477	0
478	0.14084639898
479	3.52558258391
480	2.54022707028e-05
481	0.0744900647644
482	0.358949120609
483	0.149391656834
484	2.92132550024
485	0.503559616802
486	1.79729583873
487	4.79580565894
488	0.168666133091
489	2.01187070579
490	0.376346076276
491	0.572994802229
492	3.38094868621
493	0.000145451917189
494	11.866004217
495	2.18876881227
496	4.97241177401
497	3.93572404267
498	1.83837168165e-07
499	1.01911193327
500	2.3794109963


input.CWI0002.gz

451	2.14839432416
452	1.28933184455
453	0.00704733796462
454	3.91752339002e-05
455	0.609568938541
456	8.75600283588e-05
457	0.853392721212
458	3.63087442171e-07
459	0.341720981764
460	0.150010826921
461	0.176839753471
462	0.0130224013649
463	0.146881064167
464	0.849062871474
465	1.00459359819
466	0
467	1.13709684004
468	0.656646086762
469	0
470	3.71275014607e-06
471	0.153477150553
472	0.108849831815
473	0
474	0.528432307484
475	0.14426852152
476	1.50862254949
477	0.259566812785
478	3.92021653412
479	4.28772205988
480	0.817396894379
481	1.64142582594
482	1.43278833989e-08
483	0.0353919176184
484	5.98581377713e-09
485	0
486	0
487	3.05829521163e-05
488	0.0720858162889
489	0.0127034940756
490	1.66271563104
491	2.0
492	0.130524353615
493	1.0148836037
494	0.609374941478
495	0.915630231741
496	0.000236128769029
497	0.609619657994
498	0
499	0.0017067461064
500	1.08050648744


input.CWI0010.gz

451	0.854262008496
452	3.23022026197
453	2.03872585098
454	2.60511216223
455	2.23099350564
456	0.00381510788827
457	1.66058175135
458	0.00529152337565
459	1.47093704325
460	0.495216650579
461	0
462	0.0143704541499
463	0
464	0
465	7.74911216431e-07
466	0
467	0.791696129179
468	2.4541851033e-08
469	1.38865614462e-14
470	0.327812521381
471	4.49203225813e-06
472	0.000222363351619
473	0
474	0.000490555928487
475	0
476	4.90452666727
477	0
478	0.0415933838646
479	0.752889895404
480	0.000145963148818
481	0.534921682342
482	0.0063839915816
483	0.597239202168
484	0
485	0
486	0.679791918371
487	0
488	0.733952780721
489	0.0603899618931
490	3.16828466606
491	1.0863196634e-14
492	0.540813706244
493	0.190050805793
494	2.25642831935
495	0.0948211497002
496	0.77876126128
497	0.00317527912818
498	8.82810383516e-15
499	0.00708318015672
500	0.84913464097


input.dcu00ca.gz

451	9.71105950555
452	5.80391956186
453	11.6402441537
454	17.2734146594
455	2.99951537532
456	0.000159133662496
457	2.83817606355
458	2.20299408044
459	2.45404891976
460	4.46155384802
461	3.15913787708
462	3.78791938385
463	6.8320128639
464	9.32747509177e-06
465	13.3089017238
466	2.830584
467	4.16363657448
468	0
469	4.16433155955e-08
470	2.08315564558
471	0.499200012825
472	1.27613490757
473	0
474	0.44515061672
475	5.68700378864
476	5.48471081552
477	0.0753019524105
478	6.93705146719
479	13.8615098715
480	0.413045666342
481	2.07756029339
482	0.154363240351
483	3.72574260621
484	4.93252578633
485	3.428368
486	5.6472
487	1.16620138742
488	3.29786140219
489	4.42202709729
490	5.78537327365
491	2.1084818289
492	6.35827183928
493	6.32726050028
494	11.1447330209
495	15.8229581425
496	5.61521804751
497	0.0251505382898
498	2.5545422326
499	1.54956893854
500	4.02253048008


input.dcu00la.gz

451	9.71105950555
452	5.46617093041
453	11.1813674054
454	17.2734146594
455	2.99951537532
456	0.000159133662496
457	2.3263805418
458	1.94656906222
459	2.45404891976
460	4.46155384802
461	3.15913787708
462	3.36469089568
463	6.8320128639
464	9.32747509177e-06
465	12.5211889742
466	2.830584
467	3.73048782927
468	0
469	4.16433155955e-08
470	1.95849339668
471	0.499200012825
472	1.10671890757
473	0
474	0.42977034424
475	5.68700378864
476	5.44724749831
477	0.0753019524105
478	6.93705146719
479	13.8615098715
480	0.413045666342
481	1.97588593787
482	0.154363240351
483	3.44950404423
484	5.41844986186
485	3.22266592
486	5.6472
487	1.16620138742
488	3.21364667405
489	4.42202709729
490	5.78537327365
491	2.1084818289
492	6.19902079928
493	6.05237932081
494	11.1447330209
495	14.9897194999
496	5.49521804751
497	0.0251505382898
498	2.4485102326
499	1.49316893854
500	4.02253048008


input.dcu00lb.gz

451	8.06619897465
452	5.1422194556
453	9.38993631288
454	17.1663385969
455	2.65037178564
456	0.000159133662496
457	1.64456399006
458	1.71999191611
459	2.30697399144
460	4.46155384802
461	3.15913787708
462	2.80002792673
463	6.03676656655
464	9.32747509177e-06
465	11.063865899
466	2.830584
467	4.197846785
468	0
469	4.16433155955e-08
470	1.95849339668
471	0.499200012825
472	0.919223017186
473	0
474	0.393414859062
475	5.68700378864
476	5.2609763807
477	0.0665368051536
478	6.93705146719
479	13.8615098715
480	0.413045666342
481	1.85741825079
482	0.154363240351
483	2.86510286936
484	4.95091388032
485	3.0293059648
486	5.6472
487	1.16620138742
488	2.84124069583
489	4.15670547145
490	5.11195582459
491	1.86686757024
492	5.97761349039
493	5.68923656156
494	10.4769209371
495	14.5488519302
496	5.12653004634
497	0.0236415059924
498	2.30195260921
499	1.31936407409
500	3.5778226545


input.dcu00lc.gz

451	8.58080820983
452	5.80391956186
453	10.4032477354
454	17.1663385969
455	2.99951537532
456	0.000159133662496
457	1.94641142176
458	1.94656621041
459	2.45404891976
460	4.15704607231
461	3.15913787708
462	2.6070284744
463	6.03676656655
464	9.32747509177e-06
465	11.7699195879
466	2.830584
467	3.95395611595
468	0
469	4.16433155955e-08
470	2.08315564558
471	0.499200012825
472	0.949496064384
473	0
474	0.418482700401
475	5.68700378864
476	5.12568196203
477	0.0488316289481
478	6.93705030334
479	13.8615098715
480	0.413045666342
481	1.91129540825
482	0.161657984278
483	3.06931080771
484	4.93252578633
485	3.0293059648
486	5.6472
487	1.16620138742
488	3.10005695927
489	4.15670547145
490	5.43825087723
491	2.1084818289
492	6.35827183928
493	6.32726050028
494	10.475513668
495	15.8229581425
496	5.6098460285
497	0.0236415059924
498	2.40126969865
499	1.49316893854
500	3.80391108858


input.Flab9atd2N.gz

451	13.4282383328
452	12.6728372529
453	10.3253685694
454	22.0882534434
455	6.31949624619
456	0
457	2.26707783328
458	1.51468000785
459	7.39919088323
460	4.74576905787e-19
461	3.710584
462	4.91823502246
463	6.71768819733
464	1.07553364596
465	8.33034906343
466	2.00002874797
467	8.49772740728
468	0.453966692255
469	0.218973959298
470	1.68552134607
471	1.86255611689
472	4.88016305648
473	0
474	0.0453307265608
475	1.07002977699
476	4.28457910042
477	0.219500251707
478	10.1516941552
479	5.17254373642
480	1.47515026027
481	6.38897265635
482	1.99186182052
483	7.86452589937
484	1.04849279795e-08
485	2.51609306547
486	6.92090756211
487	7.71677743392
488	2.36875942758
489	4.12202784268
490	6.62002125176
491	3.09482621676
492	12.5718143652
493	2.43025958844e-11
494	12.5293779212
495	12.173906707
496	6.65770229791
497	0.38242242772
498	1.68132282002
499	1.38736509593
500	1.32076830334


input.Flab9atdN.gz

451	12.6547751118
452	12.3030329671
453	12.7185566693
454	22.7423900566
455	6.1229551193
456	1.11590040462e-13
457	2.94598749866
458	5.88291353973
459	7.92896916885
460	0.212910499612
461	3.44509792
462	5.49624790647
463	5.65185073486
464	0.930333947141
465	1.44545489026
466	2.0000000005
467	8.47586548617
468	0.206268616342
469	0.0329866667923
470	1.79150629311
471	1.85440408416
472	0.351874637281
473	0
474	0.176840500366
475	1.04063305482
476	4.11447541698
477	0.338717434511
478	10.5919724835
479	5.10516195564
480	0.932252457724
481	6.11490780485
482	1.74677459294
483	7.44227773697
484	0.000183991574047
485	2.6766947505
486	6.92090756211
487	7.23387854358
488	2.70301304612
489	6.05083081634
490	8.09383737665
491	3.02824830313
492	12.6299821701
493	3.88807296324
494	9.74038578755
495	12.2245479518
496	6.64888232195
497	0.403080108769
498	1.99228772623
499	1.26832304338
500	1.57763628836


input.Flab9atdnN.gz

451	11.920267164
452	11.8707873846
453	15.1644626265
454	20.6140745909
455	5.90854910461
456	1.8702287485e-24
457	2.19022744462
458	1.33871538726
459	9.68478281018
460	5.03500423291
461	3.597784
462	4.4325889278
463	6.34760407192
464	1.97335552451e-14
465	1.0135279256
466	2.00000000012
467	8.41834875645
468	0.150573030343
469	0.0802073634523
470	1.97826824196
471	1.80930085763
472	0.270461289223
473	0
474	1.71375877022e-08
475	0.688579105731
476	4.06291189313
477	0.313274750969
478	10.4498810332
479	5.11621187681
480	1.35749504203
481	6.01368771547
482	1.71337607049
483	6.82955063918
484	1.85769041135
485	2.36512748154
486	6.41196323319
487	6.78547234826
488	4.00250358662
489	6.29064893204
490	9.31707431378
491	3.50082524913
492	12.710731022
493	8.91952652326
494	21.7941284203
495	12.9074389679
496	6.85547189704
497	0.375605365057
498	1.97209795602
499	1.26832304338
500	3.81037296482


input.Flab9atN.gz

451	13.6780089792
452	9.81636161168
453	0.109079232283
454	14.2845066456
455	5.58423285567
456	3.03060678429e-09
457	3.08355832873
458	3.77196140021e-11
459	8.02902443228
460	0.0244829815712
461	3.44509792
462	4.51173053422
463	0
464	0
465	0.978740060358
466	2.00000000078
467	8.51219982934
468	0.804312776699
469	0.144870778292
470	1.33426945353
471	1.12661958016
472	0.865066962276
473	0
474	0
475	0.700441222748
476	3.87550237692
477	0.00532694262546
478	4.93967596721
479	4.40262780564
480	1.17157101549e-12
481	5.5222317895
482	1.60814891565
483	0.000139399767543
484	1.3737960768e-10
485	3.428368
486	6.92090756211
487	4.36645139248
488	1.62984667432
489	2.6403800371e-22
490	2.69817387334
491	0.189496164957
492	12.8273478161
493	0
494	15.0069155625
495	11.4336550356
496	5.89350811183
497	2.33823176722
498	1.76769374313
499	1.33529179876
500	0.769833832343


input.hum9td4.gz

451	14.0822851208
452	10.1674047139
453	4.92827028524
454	17.6368736508
455	7.80334289453
456	2.93696912241e-16
457	4.77072076404
458	0.448719242788
459	6.70092721701
460	0.77515862527
461	3.82833123497
462	1.57113406632
463	13.1845063605
464	3.86038546904
465	2.78095706399
466	1.88000000007
467	7.81378720813
468	0.617689987157
469	6.23176398854
470	6.53308028292
471	1.38433935716
472	3.93097839778
473	0
474	0.748040370825
475	5.21054070802
476	12.3116520673
477	0.110661945034
478	3.11866119909
479	7.4863545833
480	3.00831495635
481	6.94574035443
482	1.0216442895
483	2.27147885248
484	0.527516521556
485	3.6472
486	6.57435760446
487	6.85601982657
488	3.90411995485
489	4.27403642727
490	11.4426009111
491	4.19422541116
492	3.201499222
493	0.119690043315
494	15.6863713631
495	16.4902231645
496	5.48002938308
497	2.75344744472
498	2.99412613754
499	1.88360833997
500	0.221022280777


input.hum9tde.gz

451	13.0226266481
452	9.81272950383
453	4.28137570007
454	17.2295766823
455	8.75079386688
456	0
457	1.40908220645
458	1.64986971304
459	2.66676794161
460	0.874263954721
461	4.15889179876
462	1.02172340459
463	11.7924898617
464	3.5422553317
465	0.834124370111
466	0.243992804079
467	8.00442530087
468	0.00984625223672
469	8.24353138095
470	6.88372589793
471	1.76720000285
472	3.91217118103
473	0
474	1.22714213774e-06
475	5.77647249027
476	11.0898470966
477	0.00763021650678
478	5.03220999392
479	8.14689187152
480	2.74577971133
481	7.02460168256
482	0.307633246989
483	4.63656307004
484	0.0384883684218
485	3.88
486	6.06709614819
487	5.96286564166
488	3.76928536269
489	3.92737232092
490	11.0797776177
491	4.06010945094
492	1.26121042549
493	0.011657984838
494	19.4322479132
495	15.8657563517
496	4.69607588739
497	3.28549935218
498	3.71856583794
499	1.77067156003
500	0.0197380816557


input.hum9tdn.gz

451	13.3108591524
452	10.916190186
453	7.1424311686
454	14.7472830332
455	8.34565492962
456	0.234337264653
457	4.35083181872
458	4.50404307827
459	5.22675078573
460	1.84021802139
461	3.80130352905
462	1.13616400158
463	13.2660720998
464	2.03292191717
465	12.7561665907
466	1.89791886444
467	9.33418151366
468	0.109239839242
469	7.2316433351
470	5.66059572345
471	1.88003461176
472	3.63818134899
473	0
474	0.200498912778
475	7.24257410176
476	11.4225771867
477	0.229353235779
478	4.2678975687
479	8.71496487344
480	3.11361414889
481	7.4311618851
482	1.91287319201
483	3.29459886834
484	2.09895868629
485	3.0293059648
486	6.4409644145
487	6.47430792763
488	3.46901767292
489	3.23445532167
490	11.4484826472
491	4.47888863403
492	4.25288787942
493	2.26339437841
494	16.8491164882
495	15.5994078386
496	6.19777460778
497	2.57234841875
498	3.01751487816
499	1.8836
500	3.65147387131


input.hum9te.gz

451	13.3650763439
452	2.31078574696
453	7.67595205784
454	20.0109693426
455	8.62049857541
456	1.39204367014e-11
457	1.4963392802
458	0.00101209390393
459	3.63592723507
460	7.28708293502
461	4.01582366078
462	1.45082991896
463	7.2247858631
464	0.0364386369341
465	0.309954885945
466	1.38405724872
467	8.63719233617
468	0.0105938252977
469	8.24470178085
470	5.00333789832
471	0.00208075883054
472	0.782207336799
473	0
474	2.2444951575e-05
475	5.96750506494
476	9.36115438968
477	3.66212915553e-13
478	0.0292956313513
479	8.58707968218
480	0.754985572268
481	6.39153465365
482	0.307633246989
483	0.563664320633
484	3.17582108588
485	3.428368
486	6.7761760448
487	5.20609584444
488	3.75735127523
489	1.03608007022
490	10.3357838189
491	0.0597156682312
492	7.28449889009
493	0
494	18.8846804519
495	17.9577658332
496	5.86800491923
497	3.32380985446
498	3.80563131374
499	1.8236391713
500	0.210289890034


input.iit00m.gz

451	13.4290045506
452	17.5596206593
453	9.16712286528
454	16.0145276841
455	13.5134003787
456	2.46895198513
457	11.1933296007
458	6.10812401405
459	12.1134838068
460	3.40298480964
461	2.98642599086
462	4.69559905341
463	12.4764115054
464	6.94623034377
465	13.3354447945
466	2.94
467	11.7876788014
468	13.3285872761
469	6.98986592
470	8.1426096333
471	0.00280212520694
472	2.60924047841
473	0.648477594193
474	3.94042952149
475	4.33722593521
476	14.4136334358
477	1.61442967584
478	17.9079443243
479	15.7454853223
480	5.82814491909
481	9.03287101546
482	0.0101947381297
483	8.75952597855
484	6.69595526042
485	0
486	7.308368
487	3.86874129159
488	2.97820027747
489	7.03515576617
490	9.95491405089
491	11.8038890711
492	13.3138887914
493	6.99175753005
494	22.817163907
495	13.1105130981
496	3.85696547662
497	1.77579653808
498	4.57637549804
499	1.39529179876
500	1.89565190977


input.iit00t.gz

451	13.4134890378
452	0.900807732414
453	18.0295356224
454	21.5486243832
455	8.0208940028
456	0
457	4.08000180032
458	0.0987556311003
459	9.27633497173
460	4.6348911562
461	3.62745240256
462	3.51893847851
463	0
464	0.965762355032
465	0.227134329027
466	1.76720000127
467	6.8079569409
468	1.25051619397
469	6.59904287647
470	3.08006947812
471	1.21913787905
472	0.0286267159025
473	3.14007897595e-07
474	0.194749948147
475	4.50602054546
476	7.1317026719
477	1.30763588482e-10
478	0.0317911918596
479	6.21195511337
480	1.83179091592e-05
481	9.2741073196
482	1.09805806167
483	4.15131754776
484	1.89943194233
485	0
486	6.42593123319
487	0
488	2.8228918833
489	1.72462177209
490	6.26535212975
491	0.139835356465
492	14.0528817487
493	1.55248205971e-23
494	18.2819819775
495	15.7296835703
496	1.00460186603
497	1.43583400653
498	3.0337378108
499	0.378334312682
500	3.6494300751


input.iit00td.gz

451	12.9510176911
452	4.40047223519
453	14.9901785827
454	23.168056486
455	8.2411422789
456	6.27913281868e-22
457	2.21207861579
458	6.94664904559
459	10.530882442
460	0.969386962513
461	3.86125097619
462	3.07929477968
463	9.76111717405
464	3.83591998244
465	2.31359802724
466	2.00588317611
467	7.81268506891
468	3.17013941366
469	6.66614637808
470	2.31608700555
471	1.88000701976
472	1.7113213457
473	5.08378480989e-06
474	3.34913977555
475	5.32962994394
476	9.01775661297
477	0.000287285096819
478	10.7921724734
479	6.71539367628
480	2.29611859377
481	9.76009048467
482	1.65764033332
483	4.85582706421
484	3.91775672443
485	0.72993430156
486	6.48240548211
487	7.04656625592
488	4.8268383369
489	4.83698521264
490	7.72373366205
491	2.51632745469
492	14.2199134255
493	7.03844946274
494	18.225799964
495	14.4990492409
496	2.25930774914
497	1.53987655581
498	4.06007795244
499	0.487347286997
500	3.35239740511


